EXCHANGE%3DNASDAQ
MARKET_OPEN_MINUTE=570
MARKET_CLOSE_MINUTE=960
INTERVAL=300
COLUMNS=DATE,CLOSE,HIGH,LOW,OPEN,VOLUME
DATA=
TIMEZONE_OFFSET=-240
a1445866200,52.66,52.76,52.5,52.53,1297206
1,52.85,52.9,52.59,52.65,1277223
2,53.1,53.18,52.84,52.85,1255359
3,53.145,53.23,53.03,53.12,1164358
4,53.12,53.22,53.085,53.15,760526
5,53.085,53.2,53.07,53.12,806009
6,53.13,53.33,53.07,53.08,809866
7,53.14,53.21,53.06,53.15,618149
8,53.005,53.1629,52.95,53.1301,758499
9,53.01,53.02,52.98,53.0068,537748
10,53.095,53.1,53,53,812645
11,53.2164,53.305,53.0901,53.1,807169
12,53.155,53.3,53.15,53.22,573227
13,53.17,53.3,53.15,53.16,555736
14,53.195,53.2,53.13,53.17,613325
15,53.4049,53.41,53.195,53.195,1247471
16,53.51,53.54,53.4,53.4099,1269392
17,53.51,53.61,53.47,53.51,824348
18,53.56,53.56,53.45,53.515,628104
19,53.6168,53.63,53.5,53.555,482036
20,53.565,53.63,53.52,53.62,634732
21,53.67,53.68,53.56,53.57,590321
22,53.5762,53.69,53.52,53.6662,560211
23,53.58,53.61,53.47,53.58,938131
24,53.7293,53.73,53.54,53.57,776493
25,53.73,53.79,53.7,53.73,869313
26,53.715,53.75,53.67,53.74,761461
27,53.6236,53.74,53.61,53.7201,792486
28,53.47,53.63,53.4532,53.627,591042
29,53.5149,53.55,53.42,53.47,482215
30,53.505,53.55,53.47,53.5149,274987
31,53.485,53.56,53.47,53.51,427024
32,53.31,53.5,53.28,53.49,767803
33,53.445,53.47,53.3,53.32,433528
34,53.505,53.51,53.42,53.45,331602
35,53.5606,53.6,53.47,53.5,374089
36,53.6,53.65,53.56,53.569,331595
37,53.57,53.6062,53.49,53.6,416918
38,53.69,53.7,53.54,53.5628,424173
39,53.78,53.79,53.67,53.691,585982
40,53.91,53.92,53.75,53.7738,854557
41,53.91,53.98,53.85,53.91,776671
42,53.9,53.94,53.85,53.9035,733489
43,53.83,53.94,53.83,53.9051,720871
44,53.82,53.84,53.77,53.83,584150
45,53.84,53.86,53.8,53.82,403948
46,53.87,53.87,53.79,53.84,241442
47,53.87,53.91,53.85,53.86,431716
48,53.88,53.92,53.87,53.8737,342761
49,53.775,53.8899,53.75,53.8899,508245
50,53.7785,53.83,53.76,53.775,517742
51,53.7,53.79,53.68,53.775,482422
52,53.6365,53.705,53.6,53.705,645243
53,53.625,53.66,53.61,53.63,470179
54,53.585,53.625,53.57,53.62,594284
55,53.59,53.61,53.51,53.5864,450740
56,53.63,53.64,53.57,53.595,454355
57,53.59,53.62,53.58,53.62,369680
58,53.5634,53.64,53.55,53.585,610717
59,53.605,53.61,53.53,53.5699,870845
60,53.6275,53.67,53.585,53.6,424631
61,53.63,53.64,53.59,53.62,274873
62,53.605,53.66,53.6,53.63,210451
63,53.65,53.65,53.59,53.6,352663
64,53.795,53.8,53.64,53.65,553949
65,53.78,53.8,53.78,53.79,384909
66,53.78,53.79,53.73,53.785,448153
67,53.77,53.79,53.715,53.78,441990
68,53.8,53.84,53.75,53.78,669719
69,53.735,53.81,53.73,53.8,441341
70,53.785,53.83,53.72,53.73,1038497
71,53.8499,53.85,53.77,53.795,562911
72,53.92,53.95,53.82,53.85,1165575
73,53.81,53.92,53.75,53.91,953945
74,53.92,53.93,53.8,53.8,1025270
75,53.87,53.93,53.845,53.92,1010935
76,53.85,53.94,53.85,53.87,1085850
77,54.085,54.09,53.85,53.855,2483370
78,54.25,54.32,54.07,54.08,7124083
288,53.97,54.02,53.93,53.99,1044175
289,53.995,54.22,53.9,53.965,1252497
290,54.1,54.23,53.96,54,748900
291,54.035,54.2,54.03,54.1,815538
292,54.02,54.1,54,54.035,852984
293,53.935,54.03,53.83,54.01,1241578
294,54.01,54.04,53.92,53.935,1179104
295,53.99,54.02,53.91,54.005,660313
296,54.01,54.08,53.97,53.985,581903
297,53.995,54.02,53.935,54.014,726139
298,54.02,54.03,53.94,53.9949,590940
299,54.07,54.07,53.99,54.02,626065
300,54.06,54.07,54,54.07,390825
301,53.995,54.06,53.93,54.05,887066
302,53.975,54.01,53.92,54,392334
303,53.98,54.02,53.96,53.965,576828
304,54.025,54.05,53.95,53.984,451173
305,54.0199,54.08,54,54.03,423498
306,54.07,54.07,54,54.0101,346162
307,54.23,54.24,54.045,54.06,710169
308,54.255,54.27,54.19,54.23,646246
309,54.28,54.32,54.21,54.255,436108
310,54.2345,54.37,54.23,54.281,692142
311,54.0901,54.26,54.0901,54.235,638142
312,54.08,54.13,54.045,54.0937,453105
313,54.12,54.21,54.07,54.075,480517
314,54.05,54.14,54.05,54.1217,497276
315,54,54.08,53.99,54.06,464021
316,54.161,54.175,53.98,53.9994,665936
317,54.01,54.165,54.01,54.16,447193
318,53.99,54.02,53.975,54,560429
319,54,54.06,53.99,53.9937,395089
320,53.975,54.01,53.97,54.005,316760
321,53.96,53.99,53.91,53.9775,498813
322,54.025,54.03,53.93,53.96,421236
323,54.06,54.06,54.005,54.03,296553
324,54.06,54.14,54.05,54.05,384524
325,54.035,54.13,54.03,54.06,277434
326,54.07,54.07,54.02,54.03,192477
327,54.07,54.09,54.03,54.06,296091
328,54.1364,54.14,54.065,54.065,422210
329,54.07,54.14,54.045,54.13,1288145
330,54.01,54.1,54.01,54.07,303573
331,54.02,54.06,54,54.01,573806
332,53.94,54.015,53.86,54.0116,852367
333,54.005,54.07,53.935,53.94,659269
334,53.91,54.0058,53.88,54.005,609360
335,53.87,53.92,53.86,53.905,290714
336,53.87,53.88,53.82,53.87,285222
337,53.9848,54.01,53.87,53.88,538761
338,54.025,54.03,53.96,53.98,443164
339,53.97,54.06,53.96,54.025,280606
340,53.9239,53.98,53.905,53.97,317109
341,53.84,53.9251,53.82,53.9251,462745
342,53.84,53.88,53.8,53.85,272252
343,53.885,53.925,53.84,53.84,258003
344,53.865,53.91,53.84,53.88,247585
345,53.7799,53.87,53.77,53.86,309893
346,53.66,53.79,53.65,53.77,389462
347,53.64,53.67,53.58,53.665,326601
348,53.71,53.74,53.63,53.63,272321
349,53.6999,53.755,53.69,53.72,238071
350,53.776,53.85,53.645,53.695,627683
351,53.86,53.96,53.76,53.78,612561
352,53.8,53.87,53.74,53.86,352867
353,53.8,53.83,53.75,53.8,376360
354,53.7601,53.81,53.74,53.7999,477611
355,53.76,53.78,53.73,53.76,359989
356,53.81,53.82,53.73,53.76,487577
357,53.83,53.87,53.79,53.815,324054
358,53.795,53.84,53.76,53.83,342972
359,53.835,53.87,53.78,53.79,455635
360,53.855,53.9,53.82,53.8311,431797
361,53.8766,53.9301,53.83,53.86,442910
362,53.85,53.8799,53.8,53.8701,476535
363,53.875,53.93,53.85,53.86,674165
364,53.735,53.88,53.72,53.8701,755004
365,53.715,53.78,53.69,53.73,1035902
366,53.69,53.73,53.64,53.72,3829066
576,53.555,53.6,53.54,53.54,457481
577,53.63,53.69,53.41,53.55,737860
578,53.7575,53.775,53.575,53.64,524373
579,53.54,53.7599,53.52,53.7599,715963
580,53.495,53.6,53.48,53.54,423486
581,53.55,53.56,53.49,53.495,478531
582,53.526,53.56,53.48,53.5485,432899
583,53.28,53.54,53.27,53.525,924211
584,53.295,53.355,53.26,53.28,599960
585,53.36,53.42,53.29,53.3,403878
586,53.075,53.39,53.06,53.36,948271
587,53.045,53.16,53.01,53.0836,786828
588,52.985,53.07,52.955,53.045,870846
589,53.1,53.11,52.98,52.985,762163
590,53.01,53.1531,52.98,53.11,869821
591,53.045,53.11,53.005,53.01,666906
592,52.985,53.04,52.92,53.035,572709
593,52.959,53.005,52.86,52.985,593500
594,53,53.01,52.95,52.96,419094
595,53.1,53.1036,52.99,53,720323
596,53.2249,53.23,53.04,53.1,416785
597,53.3,53.34,53.215,53.23,830166
598,53.3575,53.44,53.285,53.305,660137
599,53.275,53.42,53.27,53.36,376992
600,53.18,53.275,53.18,53.27,368377
601,53.16,53.245,53.16,53.185,551109
602,53.145,53.175,53.11,53.16,456176
603,53.2,53.2,53.125,53.145,411673
604,53.1936,53.2,53.155,53.195,368403
605,53.21,53.22,53.1601,53.196,269004
606,53.26,53.35,53.18,53.22,544340
607,53.27,53.32,53.255,53.255,460956
608,53.2175,53.29,53.2,53.27,433413
609,53.28,53.31,53.2105,53.22,170226
610,53.215,53.3,53.21,53.285,163285
611,53.28,53.28,53.2,53.2166,291571
612,53.2675,53.325,53.25,53.28,199893
613,53.225,53.27,53.17,53.261,269902
614,53.185,53.27,53.181,53.2264,251791
615,53.2039,53.23,53.14,53.19,358758
616,53.19,53.23,53.16,53.21,323581
617,53.2732,53.28,53.185,53.19,318844
618,53.28,53.355,53.27,53.2763,291728
619,53.2301,53.2951,53.22,53.28,244223
620,53.25,53.25,53.17,53.236,243540
621,53.19,53.25,53.165,53.2401,334173
622,53.235,53.24,53.175,53.18,160257
623,53.22,53.245,53.2,53.2301,133058
624,53.23,53.3,53.21,53.2201,250113
625,53.255,53.265,53.22,53.235,151872
626,53.275,53.28,53.24,53.2551,222915
627,53.345,53.38,53.26,53.28,292152
628,53.47,53.54,53.345,53.35,529629
629,53.515,53.55,53.47,53.48,350529
630,53.65,53.7,53.51,53.514,408866
631,53.255,53.65,53.09,53.64,910744
632,53.22,53.34,53.08,53.255,647723
633,53.095,53.255,53.02,53.21,710916
634,53.15,53.185,53.02,53.1,447711
635,53.12,53.25,53.08,53.14,599143
636,53.17,53.24,53.1,53.1163,408490
637,53.01,53.18,52.98,53.1795,449901
638,52.99,53.02,52.97,53.01,500974
639,52.89,53.02,52.87,52.9998,597870
640,52.915,53.005,52.8836,52.89,599101
641,52.94,52.99,52.91,52.915,454283
642,52.995,53,52.9,52.94,380879
643,53.055,53.11,52.94,52.995,697617
644,53.195,53.22,53.05,53.055,686837
645,53.175,53.1999,53.09,53.195,332158
646,53.185,53.235,53.13,53.18,355718
647,53.26,53.32,53.18,53.19,437194
648,53.46,53.5,53.25,53.26,647971
649,53.5499,53.69,53.46,53.47,961304
650,53.615,53.66,53.535,53.5401,550328
651,53.73,53.775,53.6,53.62,759637
652,53.78,53.84,53.715,53.715,984264
653,53.9096,53.92,53.74,53.78,1270069
654,53.96,53.98,53.89,53.915,3418364
864,53.58,53.6,53.54,53.54,411590
865,53.51,53.69,53.46,53.55,432607
866,53.52,53.6,53.5,53.52,259305
867,53.32,53.534,53.22,53.511,530258
868,53.42,53.45,53.32,53.32,363688
869,53.57,53.64,53.42,53.42,386441
870,53.69,53.77,53.54,53.57,465464
871,53.73,53.7649,53.6,53.6899,342682
872,53.68,53.83,53.67,53.74,269930
873,53.56,53.77,53.55,53.69,335461
874,53.47,53.56,53.43,53.56,580419
875,53.51,53.54,53.4632,53.4632,499503
876,53.49,53.52,53.445,53.504,233661
877,53.55,53.55,53.45,53.485,233865
878,53.465,53.56,53.46,53.5435,224786
879,53.47,53.51,53.45,53.47,339696
880,53.39,53.49,53.38,53.47,291445
881,53.32,53.4,53.31,53.39,348655
882,53.29,53.33,53.255,53.32,420408
883,53.25,53.33,53.225,53.295,323464
884,53.2499,53.26,53.24,53.245,279985
885,53.29,53.34,53.24,53.25,359198
886,53.325,53.33,53.26,53.29,219698
887,53.265,53.33,53.24,53.325,217985
888,53.395,53.4,53.24,53.27,320157
889,53.465,53.47,53.39,53.4,629496
890,53.46,53.47,53.42,53.4699,400345
891,53.425,53.495,53.37,53.46,322328
892,53.48,53.505,53.42,53.424,237562
893,53.39,53.48,53.37,53.47,166619
894,53.48,53.49,53.39,53.4,158002
895,53.405,53.485,53.39,53.48,196989
896,53.41,53.42,53.36,53.4,218316
897,53.42,53.43,53.38,53.4,145494
898,53.51,53.52,53.42,53.43,299029
899,53.55,53.56,53.49,53.52,317780
900,53.5425,53.6,53.53,53.55,248744
901,53.565,53.605,53.53,53.55,211397
902,53.6,53.6,53.56,53.57,185008
903,53.6,53.61,53.59,53.5928,276660
904,53.53,53.65,53.53,53.6,349992
905,53.5,53.54,53.49,53.53,272290
906,53.495,53.52,53.49,53.51,233487
907,53.51,53.525,53.49,53.5,301148
908,53.525,53.55,53.51,53.51,283237
909,53.5,53.53,53.451,53.521,422874
910,53.43,53.51,53.43,53.495,348743
911,53.43,53.48,53.43,53.43,238632
912,53.43,53.46,53.43,53.435,181739
913,53.38,53.48,53.38,53.4301,277773
914,53.329,53.39,53.31,53.39,292585
915,53.33,53.39,53.32,53.32,270169
916,53.375,53.4,53.33,53.335,182557
917,53.375,53.38,53.335,53.37,130091
918,53.395,53.4,53.36,53.37,190361
919,53.41,53.44,53.39,53.395,279555
920,53.495,53.5,53.4101,53.42,173601
921,53.52,53.52,53.49,53.495,192341
922,53.53,53.55,53.51,53.5145,233425
923,53.545,53.55,53.46,53.525,249142
924,53.4837,53.6,53.48,53.55,244464
925,53.52,53.56,53.48,53.48,166319
926,53.49,53.52,53.45,53.515,142151
927,53.5,53.52,53.48,53.499,231466
928,53.505,53.51,53.46,53.49,281520
929,53.53,53.54,53.505,53.51,180738
930,53.5255,53.57,53.49,53.53,255162
931,53.525,53.56,53.505,53.52,309755
932,53.645,53.67,53.52,53.54,442281
933,53.66,53.66,53.5526,53.64,334511
934,53.67,53.7,53.63,53.66,338268
935,53.5854,53.68,53.58,53.67,265833
936,53.59,53.6,53.545,53.58,293667
937,53.5201,53.6,53.52,53.58,383571
938,53.635,53.655,53.51,53.525,651880
939,53.61,53.64,53.6,53.635,565240
940,53.48,53.615,53.47,53.6101,658948
941,53.395,53.48,53.39,53.47,691792
942,53.36,53.4,53.32,53.395,4294275
a1446211800,53.34,53.355,53.27,53.32,376552
1,53.23,53.36,53.15,53.34,473548
2,53.45,53.48,53.24,53.24,381517
3,53.435,53.498,53.35,53.45,458589
4,53.435,53.54,53.395,53.435,334848
5,53.51,53.56,53.43,53.435,302253
6,53.59,53.59,53.47,53.5,286321
7,53.63,53.63,53.55,53.58,454095
8,53.65,53.69,53.55,53.64,369740
9,53.66,53.685,53.62,53.66,373273
10,53.74,53.77,53.62,53.66,516238
11,53.75,53.8,53.73,53.74,378416
12,53.865,53.87,53.73,53.7546,462354
13,53.81,53.88,53.8,53.865,359165
14,53.825,53.87,53.8,53.81,303731
15,53.8455,53.865,53.79,53.825,279998
16,53.935,53.945,53.84,53.84,380391
17,53.88,53.94,53.87,53.93,295324
18,53.87,53.89,53.77,53.885,548948
19,53.77,53.88,53.77,53.88,316416
20,53.9,53.91,53.77,53.7799,437525
21,53.79,53.92,53.79,53.905,352257
22,53.8851,53.92,53.79,53.795,754432
23,53.88,53.93,53.88,53.89,354828
24,53.929,53.93,53.86,53.88,308639
25,53.934,53.98,53.92,53.93,369945
26,53.8501,53.9338,53.84,53.9338,281201
27,53.968,53.99,53.85,53.85,616989
28,53.92,53.96,53.89,53.95,262894
29,53.9099,53.97,53.9,53.925,342260
30,53.88,53.93,53.87,53.905,255983
31,53.855,53.89,53.82,53.88,388034
32,53.785,53.86,53.73,53.855,562882
33,53.76,53.81,53.72,53.79,317296
34,53.64,53.7899,53.595,53.76,526087
35,53.665,53.7,53.62,53.64,344331
36,53.66,53.68,53.63,53.67,517847
37,53.67,53.685,53.65,53.665,374555
38,53.69,53.71,53.66,53.665,261877
39,53.57,53.7,53.56,53.7,234543
40,53.51,53.6,53.51,53.56,308132
41,53.4922,53.53,53.47,53.51,555594
42,53.51,53.53,53.49,53.494,584504
43,53.5175,53.53,53.48,53.5,427122
44,53.48,53.52,53.47,53.5175,413680
45,53.4799,53.49,53.425,53.49,295513
46,53.43,53.5,53.43,53.4738,192315
47,53.39,53.455,53.39,53.44,212398
48,53.39,53.41,53.38,53.4,152881
49,53.35,53.4,53.33,53.4,368348
50,53.331,53.37,53.325,53.34,327568
51,53.36,53.42,53.32,53.34,208974
52,53.4136,53.46,53.36,53.36,341014
53,53.4,53.42,53.39,53.415,218935
54,53.38,53.4,53.37,53.395,129696
55,53.36,53.42,53.36,53.375,282531
56,53.29,53.37,53.28,53.36,249092
57,53.325,53.33,53.27,53.29,228611
58,53.33,53.36,53.325,53.33,231213
59,53.29,53.33,53.23,53.3299,241971
60,53.145,53.3,53.12,53.3,472489
61,53.135,53.16,53.04,53.14,455085
62,53.045,53.145,53.03,53.125,571282
63,52.975,53.05,52.97,53.045,586588
64,52.985,53.01,52.95,52.975,504253
65,53.05,53.06,52.98,52.985,605177
66,52.93,53.06,52.91,53.05,581781
67,52.945,52.9669,52.88,52.925,557319
68,52.99,52.99,52.9,52.94,564578
69,52.95,53.016,52.94,52.989,506769
70,52.95,52.98,52.92,52.945,590362
71,52.97,52.98,52.92,52.94,866327
72,52.84,52.98,52.81,52.97,825180
73,52.86,52.9,52.69,52.83,1087488
74,52.9899,53.03,52.85,52.865,952072
75,53.01,53.065,52.94,52.98,668435
76,53.08,53.12,53,53.01,1022219
77,52.93,53.11,52.92,53.07,1282244
78,52.666,52.93,52.62,52.92,9145044
TIMEZONE_OFFSET=-300
876,52.84,52.98,52.84,52.85,351462
877,52.75,52.89,52.62,52.89,343386
878,52.8474,52.875,52.73,52.75,442942
879,52.85,52.91,52.8,52.85,376715
880,52.87,52.915,52.8,52.85,455414
881,52.93,52.95,52.87,52.87,291844
882,52.965,52.98,52.92,52.93,279844
883,52.905,52.97,52.89,52.97,334263
884,53.06,53.06,52.9,52.91,400005
885,53.05,53.065,53,53.06,369643
886,53.01,53.05,52.99,53.045,140801
887,53.045,53.05,52.99,53.015,217426
888,53.12,53.15,53.045,53.05,227953
889,53.05,53.14,53.04,53.12,299357
890,53.05,53.07,52.99,53.06,332533
891,53.049,53.1,53.03,53.05,508581
892,53.01,53.085,52.995,53.05,629620
893,52.99,53.04,52.98,53.005,413111
894,52.945,53.005,52.93,52.9999,252630
895,52.935,52.96,52.93,52.94,222418
896,52.925,53.01,52.925,52.935,601064
897,52.975,52.98,52.92,52.929,231064
898,52.9,52.99,52.9,52.975,155395
899,52.9,52.96,52.88,52.9,437608
900,52.9175,52.92,52.8701,52.9,283281
901,52.929,52.93,52.9,52.9135,223051
902,52.945,52.965,52.895,52.925,298799
903,52.91,52.95,52.9,52.9435,213576
904,52.94,52.945,52.89,52.91,137559
905,52.99,52.99,52.9001,52.935,239489
906,52.975,52.99,52.96,52.99,540604
907,52.94,52.99,52.92,52.98,160510
908,52.9728,52.99,52.94,52.94,214795
909,52.975,52.99,52.95,52.97,395580
910,52.94,52.985,52.92,52.975,209218
911,52.92,52.99,52.92,52.9492,233260
912,52.975,52.985,52.92,52.925,252323
913,52.96,52.9836,52.96,52.975,383722
914,52.97,52.98,52.94,52.965,303949
915,53.1,53.11,52.96,52.965,398314
916,53.08,53.19,53.06,53.1,462061
917,53.155,53.16,53.08,53.09,316614
918,53.2237,53.31,53.16,53.167,475171
919,53.221,53.26,53.2,53.23,161621
920,53.2325,53.265,53.225,53.23,119241
921,53.205,53.25,53.2,53.23,130516
922,53.122,53.21,53.12,53.2,295301
923,53.18,53.2,53.12,53.125,204654
924,53.15,53.19,53.15,53.17,286146
925,53.09,53.155,53.09,53.15,285264
926,53.14,53.17,53.09,53.091,225836
927,53.145,53.17,53.11,53.14,189652
928,53.115,53.15,53.08,53.145,151998
929,53.1,53.12,53.1,53.12,147034
930,53.12,53.12,53.1,53.105,283792
931,53.18,53.19,53.11,53.12,162486
932,53.2201,53.24,53.17,53.18,311811
933,53.2549,53.27,53.22,53.23,186542
934,53.214,53.26,53.21,53.2599,177127
935,53.16,53.24,53.16,53.22,283331
936,53.195,53.205,53.16,53.165,114744
937,53.19,53.21,53.18,53.2,147809
938,53.2088,53.23,53.18,53.195,195049
939,53.245,53.26,53.2,53.21,258499
940,53.2237,53.25,53.22,53.245,178557
941,53.235,53.27,53.22,53.23,310881
942,53.27,53.27,53.23,53.24,366315
943,53.26,53.27,53.23,53.27,367646
944,53.23,53.27,53.21,53.2538,262385
945,53.22,53.24,53.2,53.23,203882
946,53.2999,53.3,53.22,53.23,361989
947,53.265,53.32,53.26,53.3,336739
948,53.34,53.35,53.25,53.26,336462
949,53.25,53.36,53.25,53.335,374597
950,53.2587,53.27,53.22,53.25,314725
951,53.29,53.32,53.255,53.2599,479427
952,53.18,53.3,53.1522,53.2955,449246
953,53.14,53.19,53.13,53.19,583833
954,53.24,53.26,53.09,53.145,4729293
a1446561000,53.105,53.105,52.9,52.93,433965
1,53.165,53.185,52.91,52.98,351641
2,53.271,53.33,53.16,53.1655,482585
3,53.27,53.2801,52.94,53.271,929573
4,53.275,53.34,53.18,53.27,401625
5,53.196,53.27,53.145,53.27,357835
6,53.145,53.2,53.1,53.1941,407348
7,53.14,53.17,53.112,53.1462,417168
8,53.24,53.24,53.12,53.135,371942
9,53.309,53.37,53.23,53.234,501723
10,53.32,53.41,53.3,53.304,316172
11,53.3,53.35,53.27,53.325,425235
12,53.5499,53.55,53.295,53.295,444883
13,53.49,53.56,53.45,53.55,567116
14,53.492,53.505,53.45,53.4801,351591
15,53.57,53.63,53.49,53.4945,484387
16,53.5749,53.59,53.51,53.57,218006
17,53.595,53.605,53.53,53.575,499811
18,53.57,53.605,53.54,53.59,666354
19,53.6,53.605,53.5,53.57,274023
20,53.735,53.78,53.597,53.6,534152
21,53.74,53.76,53.7,53.72,304059
22,53.72,53.755,53.7,53.74,215975
23,53.66,53.76,53.63,53.73,356581
24,53.73,53.755,53.6565,53.6565,296679
25,53.765,53.77,53.71,53.73,316801
26,53.82,53.89,53.765,53.77,277530
27,53.83,53.855,53.78,53.82,278399
28,53.805,53.84,53.8,53.83,187326
29,53.825,53.855,53.8,53.805,259890
30,53.89,53.93,53.8242,53.825,319899
31,53.96,53.97,53.885,53.89,330254
32,53.96,53.965,53.925,53.95,183195
33,53.97,54,53.945,53.96,418097
34,53.94,53.99,53.93,53.9761,275300
35,53.95,53.98,53.941,53.945,217309
36,53.975,54,53.91,53.95,416357
37,53.985,53.985,53.96,53.98,279857
38,53.975,53.98,53.955,53.975,159143
39,53.89,53.985,53.88,53.98,297370
40,53.915,53.93,53.8801,53.89,168004
41,53.9789,53.98,53.9,53.915,216776
42,54,54.04,53.97,53.975,565948
43,53.99,54.0199,53.98,54,454640
44,54.091,54.105,53.99,54,412612
45,54.11,54.12,54.03,54.095,376128
46,54.135,54.16,54.09,54.105,252586
47,54.115,54.15,54.08,54.135,263654
48,54.19,54.19,54.11,54.115,439984
49,54.18,54.2,54.13,54.19,346706
50,54.17,54.2,54.12,54.175,218855
51,54.23,54.24,54.1501,54.1601,331330
52,54.125,54.23,54.11,54.23,598600
53,54.06,54.12,53.99,54.12,426309
54,54.165,54.175,54.05,54.05,226605
55,54.187,54.2,54.13,54.165,274902
56,54.23,54.24,54.115,54.181,425071
57,54.185,54.26,54.14,54.225,538917
58,54.2,54.22,54.16,54.19,650675
59,54.23,54.245,54.19,54.195,304133
60,54.3,54.33,54.227,54.23,867211
61,54.26,54.307,54.25,54.3,356814
62,54.23,54.3,54.2,54.26,767683
63,54.19,54.26,54.19,54.23,367906
64,54.25,54.26,54.19,54.2,462974
65,54.2,54.255,54.2,54.25,308425
66,54.26,54.26,54.155,54.205,398056
67,54.157,54.25,54.13,54.25,316159
68,54.215,54.22,54.14,54.1515,286177
69,54.36,54.39,54.205,54.215,763254
70,54.3199,54.36,54.28,54.35,388753
71,54.29,54.34,54.245,54.32,363999
72,54.255,54.32,54.24,54.28,397774
73,54.2597,54.28,54.2,54.2505,382045
74,54.2,54.28,54.17,54.255,430367
75,54.11,54.2,54.09,54.19,555564
76,54.12,54.16,54.11,54.12,459199
77,54.14,54.17,54.09,54.12,531994
78,54.15,54.18,54.06,54.15,2756820
288,54.19,54.25,54.15,54.18,502370
289,54.25,54.3,54.1,54.21,1112796
290,54.474,54.495,54.24,54.255,1041266
291,54.76,54.78,54.44,54.47,1488969
292,54.86,54.88,54.74,54.75,1002138
293,54.6,54.86,54.58,54.85,962733
294,54.645,54.71,54.57,54.5925,598466
295,54.55,54.645,54.355,54.64,754441
296,54.575,54.58,54.47,54.56,292754
297,54.505,54.575,54.45,54.575,505151
298,54.63,54.6399,54.505,54.51,300759
299,54.56,54.63,54.51,54.63,268974
300,54.62,54.65,54.55,54.56,430238
301,54.55,54.64,54.54,54.62,305922
302,54.445,54.55,54.41,54.544,530329
303,54.34,54.4801,54.29,54.44,1054994
304,54.43,54.43,54.32,54.344,364708
305,54.35,54.43,54.32,54.41,300945
306,54.2916,54.36,54.255,54.358,379086
307,54.23,54.3,54.195,54.2904,463349
308,54.145,54.25,54.12,54.2201,337498
309,54.23,54.27,54.125,54.14,336221
310,54.34,54.36,54.23,54.23,272819
311,54.345,54.405,54.31,54.34,286372
312,54.26,54.37,54.24,54.35,256459
313,54.175,54.3,54.16,54.26,462577
314,54.17,54.22,54.12,54.175,292742
315,54.145,54.17,54.125,54.17,302239
316,54.275,54.28,54.06,54.145,400917
317,54.285,54.36,54.27,54.27,225443
318,54.23,54.3,54.22,54.2801,263072
319,54.399,54.4,54.21,54.235,324391
320,54.545,54.55,54.39,54.4,473303
321,54.51,54.56,54.51,54.54,290544
322,54.53,54.555,54.495,54.52,367953
323,54.5,54.54,54.465,54.535,391069
324,54.495,54.53,54.43,54.5,272221
325,54.4,54.51,54.37,54.49,332650
326,54.38,54.42,54.35,54.4,277434
327,54.34,54.38,54.2851,54.38,253423
328,54.2601,54.37,54.26,54.34,173134
329,54.285,54.33,54.24,54.26,279987
330,54.2435,54.31,54.23,54.29,263637
331,54.1,54.29,54.1,54.2437,202429
332,54.1685,54.21,54.09,54.105,511347
333,54.21,54.24,54.14,54.17,177541
334,54.175,54.2251,54.16,54.2,140497
335,54.19,54.2,54.135,54.17,131809
336,54.29,54.29,54.19,54.195,208632
337,54.23,54.3,54.22,54.29,188848
338,54.2,54.24,54.19,54.2232,167823
339,54.17,54.22,54.13,54.21,272678
340,54.14,54.18,54.11,54.17,153010
341,54.2122,54.23,54.14,54.14,197282
342,54.29,54.315,54.1901,54.215,258764
343,54.19,54.29,54.16,54.29,174888
344,54.34,54.59,54.17,54.18,2155008
345,54.28,54.42,54.23,54.345,827029
346,54.29,54.305,54.21,54.275,386268
347,54.2299,54.31,54.185,54.29,238626
348,54.2521,54.3,54.22,54.22,234392
349,54.37,54.39,54.2499,54.25,311482
350,54.395,54.415,54.37,54.38,247787
351,54.42,54.475,54.39,54.395,301276
352,54.44,54.445,54.39,54.425,270557
353,54.425,54.45,54.4,54.43,318796
354,54.48,54.49,54.41,54.425,286459
355,54.4,54.49,54.38,54.49,503417
356,54.46,54.46,54.38,54.395,289947
357,54.43,54.47,54.415,54.46,286555
358,54.5,54.5,54.4,54.43,357954
359,54.495,54.54,54.46,54.4936,354781
360,54.42,54.53,54.405,54.5,300785
361,54.36,54.44,54.36,54.42,306551
362,54.35,54.38,54.31,54.35,242895
363,54.31,54.4,54.305,54.35,408106
364,54.24,54.35,54.23,54.31,521023
365,54.26,54.3,54.23,54.24,592344
366,54.4,54.43,54.25,54.26,2693277
576,54.595,54.62,54.49,54.49,456055
577,54.6,54.69,54.49,54.55,476808
578,54.6,54.7,54.5701,54.61,475896
579,54.44,54.61,54.42,54.605,434461
580,54.44,54.49,54.36,54.4454,324149
581,54.33,54.525,54.32,54.44,559285
582,54.39,54.44,54.34,54.34,420298
583,54.32,54.41,54.28,54.39,578907
584,54.15,54.35,54.13,54.323,898236
585,54.27,54.3,54.14,54.15,391569
586,54.29,54.3,54.24,54.2755,313529
587,54.305,54.34,54.245,54.29,826196
588,54.24,54.31,54.19,54.3,486519
589,54.23,54.25,54.16,54.24,337422
590,54.21,54.29,54.19,54.24,318251
591,54.2,54.25,54.13,54.22,671791
592,54.13,54.23,54.12,54.19,392105
593,54.14,54.169,54.061,54.13,291696
594,54.04,54.135,54.04,54.13,221956
595,54.045,54.08,54,54.05,479517
596,54.1033,54.14,54.03,54.05,295140
597,54.18,54.195,54.06,54.11,301933
598,54.21,54.22,54.17,54.1899,175532
599,54.18,54.24,54.145,54.2172,185918
600,54.19,54.22,54.12,54.18,173949
601,54.175,54.2098,54.14,54.1883,142464
602,54.19,54.21,54.15,54.175,210178
603,54.24,54.25,54.15,54.192,165303
604,54.3,54.32,54.21,54.23,254826
605,54.3037,54.325,54.28,54.295,127070
606,54.31,54.32,54.22,54.31,228628
607,54.29,54.335,54.26,54.32,168384
608,54.3,54.32,54.275,54.295,314012
609,54.285,54.32,54.24,54.301,221301
610,54.305,54.33,54.284,54.29,152129
611,54.305,54.325,54.27,54.3032,169454
612,54.39,54.41,54.29,54.3,276680
613,54.39,54.45,54.37,54.4,304330
614,54.41,54.42,54.345,54.3864,152639
615,54.38,54.46,54.37,54.41,437235
616,54.305,54.38,54.285,54.38,312946
617,54.39,54.39,54.304,54.305,315002
618,54.43,54.45,54.37,54.39,226818
619,54.4136,54.45,54.4,54.43,331961
620,54.39,54.43,54.37,54.42,245854
621,54.4,54.43,54.38,54.395,180710
622,54.4,54.42,54.37,54.41,307747
623,54.3961,54.42,54.34,54.4,146155
624,54.3756,54.41,54.36,54.39,143550
625,54.37,54.42,54.365,54.38,191751
626,54.37,54.41,54.33,54.38,167081
627,54.36,54.405,54.335,54.36,136506
628,54.39,54.41,54.34,54.36,162718
629,54.39,54.4,54.35,54.385,132085
630,54.415,54.44,54.38,54.395,166557
631,54.36,54.43,54.355,54.42,127677
632,54.38,54.41,54.34,54.36,239436
633,54.355,54.39,54.345,54.38,143886
634,54.36,54.41,54.34,54.355,212983
635,54.35,54.37,54.32,54.355,201347
636,54.36,54.38,54.33,54.35,136847
637,54.315,54.365,54.31,54.36,183875
638,54.285,54.325,54.26,54.325,223544
639,54.29,54.335,54.26,54.29,177817
640,54.28,54.3,54.23,54.29,190948
641,54.3086,54.349,54.275,54.283,155176
642,54.345,54.35,54.29,54.3,171790
643,54.3,54.34,54.265,54.34,175030
644,54.295,54.325,54.26,54.295,166972
645,54.305,54.31,54.26,54.2949,216388
646,54.35,54.38,54.295,54.3,315237
647,54.4,54.41,54.34,54.345,254697
648,54.4465,54.46,54.39,54.4,395081
649,54.45,54.45,54.4,54.4499,198886
650,54.425,54.46,54.39,54.445,319829
651,54.39,54.45,54.37,54.4202,586124
652,54.35,54.37,54.34,54.36,20311
653,54.385,54.41,54.345,54.345,399134
654,54.38,54.41,54.31,54.39,4514410
864,53.99,54.085,53.964,54.085,617377
865,54.19,54.33,53.97,53.99,571211
866,54.18,54.3,54.13,54.195,616857
867,54.22,54.32,54.1736,54.175,472385
868,54.235,54.32,54.22,54.225,353615
869,54.25,54.28,54.215,54.235,320438
870,54.26,54.2968,54.14,54.25,325431
871,54.124,54.28,54.11,54.26,427149
872,54.21,54.21,54.03,54.13,515685
873,54.32,54.34,54.18,54.2,377169
874,54.26,54.327,54.19,54.32,245831
875,54.28,54.32,54.25,54.26,369089
876,54.37,54.38,54.26,54.285,402791
877,54.4199,54.5,54.3535,54.36,466035
878,54.47,54.5,54.41,54.4176,304619
879,54.61,54.665,54.465,54.495,875803
880,54.8,54.81,54.61,54.62,510973
881,54.62,54.86,54.62,54.81,397857
882,54.47,54.63,54.45,54.63,427451
883,54.44,54.485,54.385,54.475,258756
884,54.4899,54.535,54.445,54.445,234129
885,54.475,54.52,54.43,54.48,257027
886,54.3649,54.475,54.33,54.475,233439
887,54.295,54.3799,54.26,54.37,347676
888,54.33,54.35,54.26,54.299,366481
889,54.36,54.38,54.32,54.329,221498
890,54.35,54.4,54.34,54.36,351476
891,54.38,54.39,54.32,54.35,253230
892,54.51,54.545,54.38,54.38,376408
893,54.56,54.59,54.48,54.51,339631
894,54.5,54.565,54.49,54.56,269057
895,54.47,54.51,54.43,54.51,219531
896,54.405,54.49,54.4,54.47,202717
897,54.5,54.51,54.41,54.42,418478
898,54.47,54.5085,54.4628,54.49,133124
899,54.43,54.475,54.35,54.47,292363
900,54.4913,54.5,54.4,54.425,482965
901,54.465,54.5,54.425,54.49,277722
902,54.5,54.52,54.41,54.4651,532830
903,54.58,54.59,54.48,54.5018,348506
904,54.6158,54.62,54.56,54.59,253968
905,54.66,54.71,54.5775,54.6164,637846
906,54.75,54.755,54.605,54.65,374946
907,54.73,54.7799,54.7001,54.75,281180
908,54.7649,54.78,54.7,54.72,395180
909,54.775,54.79,54.74,54.765,120854
910,54.8,54.82,54.771,54.775,195992
911,54.8063,54.815,54.74,54.805,326008
912,54.76,54.825,54.76,54.81,164343
913,54.7462,54.8,54.7462,54.765,130308
914,54.74,54.775,54.73,54.75,95904
915,54.78,54.81,54.74,54.74,164276
916,54.84,54.87,54.759,54.79,295165
917,54.885,54.94,54.81,54.85,288634
918,54.865,54.89,54.82,54.89,333280
919,54.94,54.98,54.86,54.8701,362717
920,54.96,54.96,54.91,54.9383,192371
921,54.89,54.96,54.88,54.96,171100
922,54.81,54.915,54.8,54.89,268118
923,54.78,54.83,54.78,54.81,383157
924,54.76,54.79,54.7,54.78,223860
925,54.735,54.8,54.73,54.76,282833
926,54.74,54.77,54.71,54.7399,210160
927,54.63,54.735,54.63,54.735,329302
928,54.615,54.645,54.5936,54.63,236479
929,54.6501,54.665,54.5643,54.61,186337
930,54.74,54.76,54.64,54.655,192447
931,54.76,54.8,54.73,54.7438,248019
932,54.7,54.76,54.69,54.76,210710
933,54.66,54.72,54.635,54.7,164015
934,54.535,54.66,54.53,54.655,362687
935,54.58,54.58,54.521,54.5399,271749
936,54.62,54.64,54.58,54.58,237914
937,54.71,54.72,54.62,54.625,225091
938,54.675,54.72,54.66,54.716,274257
939,54.71,54.74,54.665,54.6738,316851
940,54.7315,54.74,54.7,54.71,325609
941,54.745,54.78,54.73,54.7315,465895
942,54.92,54.93,54.74,54.745,3619265
a1447079400,54.61,54.69,54.55,54.55,440856
1,54.81,54.85,54.56,54.65,595775
2,54.7719,54.87,54.72,54.8,652346
3,54.71,54.83,54.7,54.779,590124
4,54.7,54.79,54.68,54.705,270401
5,54.69,54.754,54.63,54.7,389297
6,54.595,54.7,54.58,54.68,426437
7,54.53,54.6,54.53,54.6,553108
8,54.47,54.56,54.42,54.53,386946
9,54.465,54.5,54.402,54.47,332476
10,54.4446,54.52,54.44,54.47,256178
11,54.375,54.47,54.33,54.45,314397
12,54.378,54.42,54.324,54.385,267798
13,54.395,54.41,54.33,54.37,268853
14,54.405,54.48,54.37,54.41,193411
15,54.305,54.405,54.3036,54.4,280188
16,54.246,54.33,54.19,54.3,303595
17,54.215,54.31,54.195,54.24,208125
18,54.195,54.24,54.17,54.23,280952
19,54.1599,54.2151,54.13,54.19,245534
20,54.06,54.16,54.015,54.16,402636
21,53.99,54.09,53.96,54.06,266629
22,54.06,54.068,53.89,53.99,354195
23,53.89,54.0836,53.86,54.069,432470
24,53.865,53.9,53.81,53.88,394282
25,53.935,53.95,53.85,53.86,198666
26,53.85,53.95,53.85,53.94,219259
27,53.85,53.9,53.805,53.855,282433
28,53.75,53.87,53.74,53.84,363927
29,53.7,53.77,53.68,53.76,266319
30,53.6,53.71,53.56,53.7,383535
31,53.72,53.745,53.57,53.6001,347994
32,53.85,53.86,53.72,53.73,366742
33,53.85,53.889,53.83,53.85,180442
34,53.85,53.88,53.81,53.8406,159407
35,53.845,53.87,53.82,53.84,148271
36,53.8554,53.86,53.8245,53.84,261029
37,53.84,53.87,53.82,53.85,234574
38,54,54,53.8375,53.84,312046
39,54,54.03,53.943,54,329426
40,54.01,54.05,54.005,54.01,215752
41,53.96,54.02,53.95,54.01,157628
42,53.935,53.96,53.9,53.96,157698
43,53.99,54.01,53.9332,53.9332,213013
44,53.98,54.02,53.95,54,147486
45,53.9157,54,53.91,53.98,180500
46,53.846,53.92,53.8223,53.9144,183811
47,53.84,53.87,53.765,53.85,170905
48,53.903,53.92,53.83,53.84,129784
49,53.84,53.92,53.834,53.9,113955
50,53.93,53.93,53.85,53.85,207922
51,53.96,53.975,53.89,53.93,177597
52,53.92,53.97,53.8985,53.96,155189
53,53.91,53.93,53.86,53.9122,149173
54,53.91,53.97,53.89,53.91,390636
55,53.91,53.94,53.86,53.92,171135
56,53.94,53.97,53.915,53.92,219408
57,53.9,53.96,53.8701,53.94,215597
58,53.92,53.93,53.85,53.9,185028
59,53.885,53.93,53.86,53.92,192988
60,53.9,53.93,53.87,53.87,207983
61,53.9,53.92,53.855,53.89,206375
62,53.815,53.9,53.805,53.9,225405
63,53.76,53.855,53.75,53.81,201816
64,53.755,53.78,53.7201,53.76,309298
65,53.82,53.865,53.755,53.76,258803
66,53.85,53.86,53.82,53.8255,138806
67,53.87,53.88,53.8,53.85,243830
68,53.935,53.99,53.861,53.88,517860
69,53.96,53.99,53.895,53.94,312345
70,53.935,53.995,53.89,53.96,419340
71,53.9955,54.005,53.915,53.94,280542
72,53.99,54.01,53.98,53.99,300089
73,53.99,54.03,53.98,53.995,403939
74,54.0899,54.1,53.98,54,588578
75,54.075,54.15,54.05,54.085,549210
76,54.19,54.22,54.05,54.075,794373
77,54.2,54.22,54.145,54.18,914395
78,54.16,54.24,54.15,54.2,4443553
288,53.96,54.07,53.88,54.07,357472
289,53.985,54.13,53.81,53.92,1081608
290,53.97,54,53.91,53.9801,673128
291,53.91,53.99,53.91,53.9799,440124
292,54,54,53.88,53.92,459778
293,53.95,54,53.89,54,466627
294,54.01,54.02,53.95,53.9549,1131804
295,53.9685,54.015,53.924,54.005,405531
296,53.78,53.97,53.78,53.965,371456
297,53.71,53.805,53.69,53.78,390886
298,53.595,53.717,53.59,53.715,491801
299,53.575,53.61,53.51,53.6,462919
300,53.485,53.58,53.47,53.575,502748
301,53.5,53.6,53.48,53.49,367255
302,53.55,53.56,53.49,53.505,336448
303,53.55,53.59,53.53,53.55,393353
304,53.49,53.57,53.49,53.55,453361
305,53.53,53.53,53.44,53.5,349244
306,53.575,53.61,53.525,53.53,321668
307,53.635,53.7,53.57,53.575,870212
308,53.595,53.65,53.58,53.635,451792
309,53.585,53.605,53.56,53.595,452624
310,53.599,53.62,53.58,53.59,425591
311,53.595,53.63,53.561,53.6,276716
312,53.6071,53.61,53.55,53.6,536812
313,53.578,53.68,53.575,53.61,284158
314,53.59,53.61,53.575,53.575,414349
315,53.625,53.63,53.59,53.595,356800
316,53.6,53.7,53.59,53.63,333197
317,53.535,53.605,53.535,53.6,425450
318,53.515,53.54,53.51,53.54,322464
319,53.5,53.53,53.49,53.511,411701
320,53.5,53.525,53.49,53.5,393810
321,53.49,53.51,53.48,53.5,430840
322,53.47,53.5,53.46,53.49,390811
323,53.435,53.51,53.4127,53.48,5172502
324,53.5,53.56,53.4235,53.435,10201240
325,53.45,53.515,53.435,53.495,1950752
326,53.51,53.51,53.4499,53.4499,367734
327,53.5,53.525,53.47,53.5,265775
328,53.475,53.51,53.46,53.505,326653
329,53.48,53.49,53.44,53.48,273553
330,53.435,53.48,53.43,53.48,287464
331,53.425,53.45,53.37,53.435,873411
332,53.39,53.4299,53.31,53.4299,372908
333,53.395,53.41,53.36,53.39,344968
334,53.29,53.4,53.27,53.395,256156
335,53.3499,53.36,53.27,53.29,478978
336,53.4,53.4,53.29,53.3465,402354
337,53.4,53.45,53.385,53.4,363922
338,53.45,53.49,53.38,53.3965,486377
339,53.465,53.48,53.43,53.46,255355
340,53.5,53.53,53.43,53.4601,1453547
341,53.515,53.52,53.47,53.49,535621
342,53.505,53.56,53.5,53.51,382620
343,53.46,53.53,53.44,53.5,263651
344,53.465,53.5,53.45,53.46,159820
345,53.49,53.51,53.47,53.47,184849
346,53.455,53.5,53.45,53.485,110982
347,53.41,53.47,53.395,53.4551,148759
348,53.4125,53.43,53.39,53.4,235744
349,53.45,53.46,53.4002,53.41,176967
350,53.43,53.45,53.41,53.45,204621
351,53.48,53.49,53.38,53.425,423551
352,53.55,53.555,53.44,53.48,998108
353,53.49,53.57,53.48,53.55,536687
354,53.495,53.51,53.475,53.5,243444
355,53.4636,53.505,53.46,53.49,430859
356,53.455,53.48,53.4375,53.466,414032
357,53.45,53.46,53.43,53.455,479843
358,53.445,53.46,53.43,53.45,543816
359,53.38,53.469,53.38,53.445,472499
360,53.39,53.42,53.29,53.37,568471
361,53.39,53.43,53.35,53.39,489860
362,53.425,53.45,53.3639,53.3802,382956
363,53.435,53.435,53.39,53.42,410026
364,53.5,53.56,53.435,53.435,540174
365,53.46,53.517,53.425,53.505,2514988
366,53.51,53.55,53.4,53.45,3608815
576,53.7,53.7,53.66,53.7,278844
577,53.87,53.91,53.6,53.7,1261648
578,53.765,54,53.75,53.87,803142
579,53.8,53.87,53.76,53.76,455436
580,53.685,53.815,53.67,53.8,460824
581,53.73,53.75,53.59,53.6899,695169
582,53.47,53.745,53.46,53.73,682411
583,53.66,53.67,53.47,53.48,1253493
584,53.565,53.69,53.55,53.66,532830
585,53.5,53.61,53.48,53.575,532621
586,53.515,53.55,53.4644,53.4965,506124
587,53.53,53.555,53.48,53.51,933010
588,53.565,53.57,53.506,53.53,402605
589,53.599,53.6,53.53,53.57,942553
590,53.6,53.61,53.53,53.6,791538
591,53.655,53.66,53.56,53.6,403170
592,53.65,53.66,53.585,53.655,547213
593,53.75,53.7633,53.6,53.645,274585
594,53.735,53.775,53.7101,53.77,225809
595,53.72,53.73,53.67,53.72,192841
596,53.735,53.745,53.69,53.72,194383
597,53.75,53.75,53.71,53.7399,352515
598,53.7606,53.78,53.73,53.75,539609
599,53.78,53.78,53.75,53.77,218275
600,53.845,53.85,53.76,53.7735,495714
601,53.95,53.98,53.84,53.84,357207
602,53.919,53.98,53.89,53.95,270167
603,53.945,53.95,53.9,53.91,433819
604,53.955,53.995,53.94,53.945,260119
605,53.91,53.96,53.9,53.95,215347
606,53.95,53.96,53.87,53.91,242744
607,53.9825,53.99,53.95,53.96,546658
608,53.9899,53.995,53.97,53.99,112568
609,53.95,54,53.94,53.99,245204
610,53.955,53.98,53.94,53.94,226737
611,54,54,53.95,53.95,560068
612,54.055,54.08,53.98,54,734135
613,54.06,54.07,54.01,54.06,270529
614,54.095,54.1,54.05,54.05,350268
615,54.1,54.1,54.04,54.1,366260
616,54.14,54.2,54.1,54.1,467624
617,54.1715,54.18,54.13,54.14,349975
618,54.1901,54.2,54.18,54.18,137815
619,54.19,54.2,54.14,54.2,331497
620,54.105,54.19,54.06,54.19,266368
621,54.05,54.1185,54.0001,54.1,299604
622,54.025,54.059,54,54.055,261300
623,53.97,54.0699,53.97,54.03,233075
624,53.95,53.995,53.895,53.96,344420
625,53.955,53.97,53.9,53.955,202303
626,53.985,53.985,53.9,53.95,147221
627,54.05,54.05,53.9807,53.9868,199281
628,54.0108,54.065,54,54.04,212735
629,54.027,54.065,54.01,54.015,158004
630,53.9965,54.045,53.97,54.027,195621
631,53.97,54.0061,53.95,53.99,202586
632,53.95,53.985,53.925,53.97,157188
633,54.01,54.0175,53.91,53.9499,191255
634,54.04,54.045,53.97,54.003,243553
635,54.005,54.04,53.975,54.04,243338
636,54.05,54.07,53.9801,54.005,339974
637,54.0315,54.08,54.02,54.05,261859
638,54.045,54.05,54,54.035,222067
639,54.02,54.0499,53.95,54.04,300335
640,53.9865,54.03,53.97,54.03,216131
641,53.935,54.005,53.93,53.98,219683
642,53.88,53.95,53.86,53.939,293340
643,53.79,53.88,53.7799,53.87,322982
644,53.7,53.81,53.7,53.7989,368749
645,53.7651,53.78,53.7,53.701,245040
646,53.71,53.79,53.705,53.76,261063
647,53.75,53.775,53.7064,53.7064,241248
648,53.88,53.9,53.74,53.74,332269
649,53.855,53.9,53.835,53.8899,249822
650,53.795,53.86,53.765,53.86,267691
651,53.775,53.81,53.75,53.795,410326
652,53.78,53.815,53.73,53.775,528939
653,53.79,53.86,53.77,53.78,499910
654,53.65,53.79,53.65,53.79,2590483
864,53.37,53.48,53.37,53.48,391161
865,53.22,53.46,53.22,53.43,583808
866,53.37,53.5,53.19,53.22,526230
867,53.3,53.4,53.295,53.38,792962
868,53.39,53.46,53.3,53.305,766813
869,53.36,53.47,53.33,53.4,1052469
870,53.38,53.415,53.255,53.365,462050
871,53.34,53.4,53.3,53.37,552501
872,53.38,53.38,53.31,53.335,429580
873,53.43,53.51,53.37,53.38,651637
874,53.3899,53.445,53.38,53.44,768231
875,53.385,53.44,53.32,53.385,1114378
876,53.375,53.4,53.35,53.39,364989
877,53.39,53.4,53.32,53.37,371274
878,53.425,53.47,53.35,53.38,404287
879,53.45,53.48,53.39,53.425,296624
880,53.42,53.535,53.4,53.46,353102
881,53.3801,53.43,53.34,53.42,331380
882,53.485,53.49,53.35,53.38,1010321
883,53.4749,53.52,53.42,53.485,317111
884,53.55,53.55,53.46,53.47,241744
885,53.48,53.555,53.445,53.54,285068
886,53.48,53.52,53.45,53.49,235925
887,53.46,53.515,53.45,53.48,505984
888,53.46,53.49,53.45,53.47,273334
889,53.49,53.5,53.415,53.465,395396
890,53.48,53.535,53.47,53.49,259555
891,53.46,53.525,53.46,53.48,223909
892,53.5,53.52,53.45,53.47,258733
893,53.47,53.52,53.46,53.51,172632
894,53.5548,53.57,53.46,53.47,314346
895,53.58,53.62,53.54,53.55,282225
896,53.54,53.59,53.53,53.585,159970
897,53.5528,53.565,53.51,53.5468,279053
898,53.535,53.56,53.48,53.5555,147944
899,53.505,53.55,53.49,53.54,170136
900,53.57,53.585,53.5,53.5,167265
901,53.58,53.61,53.55,53.57,190246
902,53.61,53.61,53.53,53.57,122859
903,53.655,53.67,53.59,53.61,203494
904,53.69,53.7,53.62,53.655,197109
905,53.775,53.8045,53.68,53.7,262010
906,53.84,53.88,53.73,53.779,444344
907,53.87,53.92,53.82,53.846,353875
908,53.78,53.89,53.74,53.87,255682
909,53.85,53.88,53.77,53.79,207066
910,53.9,53.92,53.82,53.8551,230701
911,53.91,53.96,53.835,53.9086,325817
912,53.97,53.97,53.895,53.905,269719
913,53.93,53.9791,53.91,53.9647,163054
914,53.94,53.94,53.89,53.925,374236
915,53.84,53.95,53.84,53.9399,199197
916,53.8454,53.865,53.8,53.85,228741
917,53.862,53.87,53.8,53.8401,245024
918,53.885,53.9,53.835,53.865,221223
919,53.84,53.91,53.835,53.882,179685
920,53.88,53.905,53.835,53.84,284186
921,53.78,53.895,53.78,53.88,319861
922,53.745,53.7944,53.74,53.78,417824
923,53.6989,53.749,53.67,53.7401,217285
924,53.755,53.78,53.69,53.69,385865
925,53.7,53.81,53.7,53.75,364440
926,53.69,53.715,53.62,53.705,366906
927,53.665,53.69,53.625,53.68,200337
928,53.63,53.67,53.6,53.67,313377
929,53.45,53.63,53.44,53.63,248525
930,53.545,53.585,53.45,53.45,214169
931,53.55,53.6,53.54,53.55,187148
932,53.6,53.61,53.545,53.56,267552
933,53.61,53.63,53.53,53.59,319426
934,53.5834,53.635,53.565,53.61,369891
935,53.59,53.615,53.54,53.59,316475
936,53.57,53.625,53.55,53.59,290510
937,53.495,53.61,53.47,53.5738,348940
938,53.465,53.56,53.46,53.5,272795
939,53.46,53.48,53.39,53.47,511217
940,53.395,53.495,53.38,53.45,532730
941,53.38,53.46,53.34,53.395,651990
942,53.32,53.42,53.3,53.38,3674918
a1447425000,52.96,53.08,52.89,53.07,470313
1,53.19,53.29,52.83,52.92,933350
2,52.93,53.25,52.86,53.19,933628
3,52.66,52.95,52.65,52.93,1154600
4,52.64,52.66,52.595,52.66,940771
5,52.81,52.815,52.64,52.6401,609829
6,53.0199,53.09,52.81,52.815,564358
7,52.7601,53.02,52.68,53.01,911682
8,52.67,52.77,52.63,52.765,484510
9,52.605,52.69,52.6,52.67,331855
10,52.645,52.8015,52.53,52.6,656501
11,52.9,52.9,52.63,52.645,450468
12,52.92,52.94,52.8,52.895,797520
13,52.855,52.98,52.84,52.915,505443
14,52.86,52.88,52.79,52.85,342964
15,52.825,52.925,52.825,52.87,367597
16,52.865,52.885,52.76,52.82,270729
17,52.76,52.865,52.75,52.865,231168
18,52.73,52.81,52.66,52.76,338888
19,52.68,52.736,52.59,52.73,364107
20,52.696,52.719,52.67,52.6964,190238
21,52.7027,52.75,52.67,52.7,345362
22,52.635,52.7,52.59,52.7,256723
23,52.76,52.79,52.62,52.63,266661
24,52.709,52.795,52.66,52.7699,279358
25,52.72,52.735,52.63,52.7,207519
26,52.625,52.75,52.61,52.73,245376
27,52.66,52.67,52.58,52.62,174249
28,52.62,52.675,52.6,52.6555,241665
29,52.7,52.75,52.585,52.61,263271
30,52.819,52.85,52.69,52.7,296404
31,52.9,52.915,52.8,52.81,194723
32,52.99,52.99,52.865,52.9001,254151
33,53.11,53.12,52.985,52.995,358315
34,53.09,53.1559,53.08,53.105,235303
35,53.035,53.157,53.01,53.081,287891
36,52.98,53.045,52.95,53.0345,265479
37,53.005,53.03,52.96,52.98,158858
38,52.995,53.03,52.97,52.99,237636
39,52.93,53,52.9,52.99,206760
40,52.88,52.9267,52.85,52.92,157887
41,52.98,52.99,52.87,52.87,206776
42,53.07,53.07,52.98,52.98,280477
43,53.14,53.15,53.03,53.07,361916
44,52.965,53.145,52.96,53.145,218909
45,53.04,53.07,52.96,52.966,390102
46,53.055,53.075,53.01,53.04,218730
47,53.07,53.08,53.03,53.06,256853
48,53.0745,53.1,53.0415,53.07,240359
49,53.05,53.12,53.04,53.08,227125
50,53.02,53.05,52.97,53.05,232638
51,53.1,53.105,53.02,53.02,196563
52,53.04,53.15,53.02,53.1,261695
53,53.14,53.15,53.02,53.04,233685
54,53.095,53.16,53.075,53.14,223307
55,53.12,53.15,53.085,53.09,226805
56,52.99,53.15,52.97,53.11,400974
57,53.09,53.1,52.95,52.98,240213
58,53.1,53.13,53.07,53.08,242655
59,53.12,53.15,53.09,53.1,212934
60,53.07,53.13,53.025,53.12,239425
61,53.12,53.12,53.03,53.07,282335
62,53.05,53.165,53.01,53.11,305857
63,53.08,53.08,52.95,53.05,448318
64,52.87,53.08,52.865,53.08,494113
65,52.8,52.95,52.74,52.87,505925
66,52.9643,52.9643,52.8,52.805,355434
67,53.065,53.09,52.955,52.96,423715
68,53.01,53.0799,53,53.065,305411
69,53.07,53.08,53,53.015,310136
70,52.99,53.1,52.98,53.077,350486
71,52.99,53.02,52.945,52.99,377359
72,52.95,52.995,52.93,52.99,406400
73,53.005,53.07,52.94,52.95,516844
74,53.035,53.0665,52.99,53.0099,284646
75,53.08,53.11,52.965,53.03,747801
76,53.04,53.15,53.02,53.07,722320
77,52.975,53.06,52.965,53.05,775205
78,52.84,52.995,52.83,52.98,4701602
864,53,53.29,52.85,53.08,464194
865,53.01,53.33,52.93,53.11,535254
866,53.25,53.29,53,53.01,605663
867,53.275,53.46,53.255,53.26,697278
868,53.29,53.41,53.27,53.28,490490
869,53.145,53.3,53.1,53.28,598500
870,53.065,53.225,53.01,53.15,414983
871,53.095,53.125,53.03,53.06,481835
872,53,53.11,52.985,53.0923,281686
873,53.055,53.06,52.895,53.0099,291343
874,53.149,53.17,53.04,53.0401,269312
875,53.265,53.31,53.09,53.14,386373
876,53.18,53.28,53.18,53.265,385531
877,53.09,53.1852,53.08,53.18,62382
879,53.04,53.04,52.9786,52.99,40003
880,53.096,53.16,53.065,53.065,215276
881,53.08,53.1,53.035,53.1,149266
882,53.04,53.05,52.995,53.01,174606
883,53.07,53.1,53,53.035,212107
884,53.115,53.115,53.04,53.07,280900
885,53.13,53.2,53.1,53.115,256444
886,53.2899,53.295,53.13,53.13,327941
887,53.244,53.345,53.21,53.2805,246403
888,53.195,53.27,53.16,53.2458,215241
889,53.31,53.31,53.2,53.2,159820
891,53.325,53.415,53.325,53.38,121834
892,53.43,53.43,53.29,53.33,270618
893,53.3999,53.45,53.38,53.44,139681
894,53.44,53.44,53.37,53.4,157713
895,53.47,53.49,53.42,53.44,178419
896,53.51,53.515,53.44,53.4764,244952
897,53.459,53.53,53.4,53.52,292092
898,53.46,53.46,53.36,53.455,199424
899,53.54,53.545,53.4537,53.46,141445
900,53.4937,53.545,53.47,53.545,116452
901,53.62,53.62,53.485,53.495,208193
902,53.565,53.64,53.54,53.62,283541
903,53.54,53.595,53.48,53.56,296252
904,53.53,53.57,53.46,53.54,223856
905,53.435,53.5553,53.4,53.525,133102
906,53.42,53.455,53.36,53.44,180985
907,53.495,53.52,53.36,53.42,159223
908,53.515,53.55,53.45,53.5,237933
909,53.5733,53.59,53.505,53.52,246236
910,53.605,53.615,53.49,53.579,249949
911,53.755,53.755,53.55,53.61,430623
912,53.7,53.76,53.67,53.76,256857
913,53.675,53.74,53.64,53.69,154810
914,53.615,53.715,53.61,53.67,219751
915,53.565,53.66,53.56,53.61,178957
916,53.6361,53.6465,53.54,53.565,327682
917,53.73,53.73,53.635,53.64,252099
918,53.8,53.8,53.71,53.72,362169
919,53.76,53.83,53.743,53.8,331515
920,53.8,53.8,53.71,53.755,369361
921,53.807,53.84,53.73,53.795,377509
922,53.785,53.815,53.72,53.81,215580
923,53.8033,53.815,53.77,53.78,158803
924,53.785,53.82,53.77,53.8,224442
925,53.85,53.875,53.78,53.7801,249902
926,53.845,53.87,53.81,53.85,173992
927,53.7165,53.855,53.71,53.85,319008
928,53.71,53.76,53.69,53.71,333629
929,53.69,53.7395,53.68,53.71,211471
930,53.755,53.76,53.67,53.68,273296
931,53.865,53.87,53.75,53.7599,457327
932,53.805,53.87,53.79,53.865,303074
933,53.785,53.83,53.77,53.81,332449
934,53.755,53.81,53.75,53.78,274880
935,53.83,53.835,53.7328,53.76,495807
936,53.83,53.89,53.82,53.83,363337
937,53.785,53.87,53.78,53.83,402144
938,53.805,53.87,53.79,53.79,449083
939,53.785,53.835,53.76,53.81,467265
940,53.7,53.795,53.7,53.78,735893
941,53.68,53.75,53.68,53.71,549788
942,53.765,53.815,53.66,53.68,4082722
a1447770600,53.2711,53.36,53.17,53.17,338079
1,53.08,53.53,53.07,53.36,871967
2,53.21,53.235,53.05,53.09,609884
3,53.45,53.46,53.19,53.21,500773
4,53.38,53.49,53.271,53.4444,530469
5,53.34,53.43,53.34,53.38,260607
6,53.49,53.5,53.3,53.34,329618
7,53.335,53.52,53.335,53.49,446631
8,53.38,53.38,53.26,53.3343,294907
9,53.28,53.39,53.25,53.39,299884
10,53.16,53.32,53.15,53.27,314902
11,53.135,53.175,53.13,53.16,600827
12,53.12,53.1599,53.02,53.1348,520080
13,53.275,53.29,53.1,53.11,477376
14,53.34,53.39,53.26,53.275,370432
15,53.435,53.47,53.3,53.335,369116
16,53.4,53.45,53.38,53.44,287428
17,53.32,53.4,53.32,53.4,155590
18,53.325,53.405,53.31,53.32,212760
19,53.28,53.36,53.28,53.33,191556
20,53.29,53.335,53.28,53.285,294076
21,53.345,53.3758,53.29,53.29,256857
22,53.41,53.4167,53.34,53.345,185016
23,53.38,53.43,53.37,53.42,210841
24,53.415,53.44,53.35,53.37,195049
25,53.42,53.51,53.39,53.42,316014
26,53.43,53.45,53.3812,53.41,213065
27,53.38,53.46,53.38,53.43,207006
28,53.4,53.4,53.33,53.38,194878
29,53.4,53.4,53.325,53.4,196828
30,53.35,53.3967,53.31,53.395,185507
31,53.32,53.38,53.3,53.35,318813
32,53.29,53.3755,53.28,53.32,254883
33,53.39,53.39,53.29,53.29,177729
34,53.4,53.43,53.38,53.39,192332
35,53.29,53.42,53.28,53.41,273222
36,53.28,53.31,53.26,53.285,203647
37,53.245,53.32,53.245,53.285,436412
38,53.18,53.26,53.18,53.25,170512
39,53.19,53.23,53.17,53.18,188351
40,53.23,53.24,53.19,53.19,135890
41,53.175,53.27,53.17,53.24,130801
42,53.276,53.276,53.175,53.18,143904
43,53.29,53.33,53.24,53.275,160595
44,53.23,53.315,53.23,53.295,120786
45,53.31,53.329,53.23,53.2389,90694
46,53.24,53.32,53.22,53.32,154206
47,53.22,53.26,53.19,53.2364,111149
48,53.16,53.22,53.14,53.22,200902
49,53.195,53.23,53.05,53.15,362729
50,53.2,53.21,53.13,53.19,211756
51,53.19,53.22,53.125,53.2,176879
52,53.18,53.23,53.18,53.185,204247
53,53.22,53.22,53.125,53.18,129650
54,53.24,53.26,53.21,53.22,182837
55,53.205,53.235,53.19,53.23,168973
56,53.18,53.215,53.17,53.21,306139
57,53.21,53.21,53.15,53.1899,171516
58,53.17,53.22,53.15,53.22,147748
59,53.15,53.2,53.09,53.16,525403
60,53.04,53.1675,53.03,53.155,247818
61,53.06,53.07,52.98,53.04,254576
62,53.03,53.09,52.96,53.05,220676
63,52.8915,53.055,52.89,53.025,390002
64,53.005,53.03,52.88,52.891,360063
65,52.97,53.0265,52.95,53,226853
66,53.12,53.1262,52.9501,52.97,256211
67,52.975,53.13,52.955,53.12,304043
68,52.94,53.03,52.935,52.975,390881
69,52.89,52.965,52.85,52.95,568096
70,52.93,52.95,52.88,52.89,442379
71,52.955,53.05,52.915,52.93,419392
72,53.05,53.05,52.92,52.95,310481
73,53.07,53.1,52.955,53.0401,360161
74,52.99,53.1,52.98,53.07,374131
75,53.08,53.12,52.99,52.99,492902
76,52.93,53.09,52.92,53.08,520412
77,53,53.04,52.925,52.93,645268
78,52.97,53,52.92,53,3010937
288,53.05,53.06,53,53,310458
289,53.03,53.14,52.9799,53.03,452268
290,53.11,53.26,53.025,53.03,475877
291,53.11,53.22,53.08,53.115,448015
292,53.2,53.24,53.03,53.11,784356
293,53.27,53.32,53.2,53.2162,486704
294,53.165,53.285,53.15,53.26,291245
295,53.25,53.26,53.18,53.18,176274
296,53.375,53.39,53.24,53.25,382897
297,53.35,53.39,53.28,53.38,342004
298,53.28,53.425,53.26,53.35,383975
299,53.36,53.39,53.26,53.27,256239
300,53.2625,53.375,53.17,53.37,374531
301,53.289,53.315,53.25,53.2699,187360
302,53.275,53.28,53.24,53.28,189141
303,53.25,53.335,53.22,53.275,439114
304,53.18,53.25,53.17,53.245,422078
305,53.19,53.2161,53.165,53.18,365005
306,53.3065,53.32,53.17,53.185,255808
307,53.2399,53.3199,53.19,53.3,256392
308,53.294,53.3,53.2,53.24,122064
309,53.42,53.42,53.275,53.3,313710
310,53.4201,53.46,53.39,53.42,153799
311,53.465,53.5,53.41,53.42,288324
312,53.525,53.53,53.44,53.4673,217251
313,53.39,53.55,53.38,53.52,347394
314,53.26,53.42,53.25,53.39,609358
315,53.32,53.36,53.23,53.26,301272
316,53.46,53.46,53.315,53.33,364804
317,53.47,53.475,53.43,53.46,255827
318,53.4,53.475,53.395,53.475,204107
319,53.425,53.44,53.395,53.41,213026
320,53.425,53.46,53.42,53.43,180111
321,53.375,53.45,53.35,53.42,211972
322,53.3826,53.4,53.36,53.375,134784
323,53.42,53.46,53.385,53.39,246798
324,53.405,53.43,53.37,53.43,115832
325,53.43,53.45,53.38,53.41,145323
326,53.46,53.48,53.415,53.4358,177713
327,53.42,53.5,53.42,53.47,158881
328,53.48,53.48,53.41,53.42,73615
329,53.48,53.51,53.4701,53.4701,120418
330,53.43,53.49,53.43,53.485,119436
331,53.46,53.48,53.43,53.4324,199825
332,53.46,53.47,53.44,53.46,137986
333,53.43,53.475,53.405,53.46,149689
334,53.385,53.46,53.375,53.43,160724
335,53.495,53.5,53.38,53.385,123217
336,53.545,53.55,53.48,53.5,256159
337,53.52,53.58,53.51,53.545,304891
338,53.5,53.535,53.455,53.515,172094
339,53.51,53.53,53.48,53.4999,125353
340,53.49,53.5134,53.475,53.5134,165641
341,53.49,53.52,53.455,53.49,140984
342,53.4899,53.53,53.48,53.49,113960
343,53.44,53.565,53.405,53.49,400509
344,53.57,53.59,53.44,53.449,446555
345,53.68,53.76,53.57,53.57,586770
346,53.66,53.709,53.63,53.68,221897
347,53.635,53.68,53.58,53.66,230490
348,53.585,53.64,53.51,53.635,397866
349,53.52,53.605,53.46,53.58,310580
350,53.475,53.54,53.45,53.52,281108
351,53.625,53.635,53.475,53.48,298791
352,53.52,53.65,53.49,53.63,258361
353,53.62,53.62,53.5,53.53,295955
354,53.69,53.7,53.58,53.62,270100
355,53.62,53.69,53.62,53.685,245901
356,53.545,53.645,53.54,53.62,241935
357,53.6,53.62,53.51,53.55,232774
358,53.605,53.65,53.59,53.6,378883
359,53.61,53.62,53.56,53.6037,265944
360,53.62,53.63,53.57,53.61,215432
361,53.72,53.75,53.61,53.63,283342
362,53.72,53.755,53.7,53.72,395792
363,53.74,53.76,53.7,53.72,492018
364,53.83,53.85,53.74,53.7462,664538
365,53.86,53.875,53.81,53.835,730941
366,53.85,53.98,53.78,53.855,4183325
576,54,54.09,53.99,53.99,311599
577,53.9846,54.08,53.781,53.99,695860
578,54.11,54.25,53.99,53.99,541825
579,54.265,54.27,54.065,54.12,568108
580,54.28,54.31,54.17,54.261,496624
581,54.37,54.41,54.27,54.28,432694
582,54.41,54.48,54.37,54.38,481064
583,54.3845,54.45,54.35,54.405,586078
584,54.495,54.53,54.39,54.39,467154
585,54.37,54.525,54.36,54.49,385758
586,54.38,54.405,54.25,54.37,438252
587,54.37,54.39,54.34,54.38,280863
588,54.35,54.385,54.295,54.38,250693
589,54.35,54.45,54.34,54.35,370133
590,54.37,54.4,54.2802,54.3465,316714
591,54.31,54.4,54.3,54.37,273982
592,54.375,54.3857,54.3,54.31,256759
593,54.36,54.42,54.35,54.3775,275218
594,54.37,54.39,54.25,54.35,534596
595,54.43,54.44,54.36,54.37,234160
596,54.51,54.53,54.43,54.435,284565
597,54.44,54.51,54.41,54.5,208704
598,54.52,54.54,54.42,54.44,218970
599,54.465,54.525,54.45,54.525,196037
600,54.58,54.66,54.46,54.465,533399
601,54.5,54.61,54.48,54.58,300025
602,54.481,54.53,54.435,54.51,276791
603,54.37,54.485,54.36,54.485,209948
604,54.26,54.38,54.23,54.37,408212
605,54.2,54.26,54.18,54.26,310696
606,54.24,54.275,54.18,54.2,220384
607,54.34,54.35,54.25,54.25,364701
608,54.29,54.37,54.28,54.34,230330
609,54.29,54.32,54.28,54.3,189588
610,54.28,54.32,54.24,54.29,234214
611,54.29,54.33,54.24,54.2836,199929
612,54.3301,54.35,54.27,54.285,181023
613,54.35,54.38,54.32,54.3301,231286
614,54.3875,54.3875,54.33,54.35,222178
615,54.3799,54.42,54.35,54.39,493501
616,54.4001,54.406,54.36,54.38,270148
617,54.43,54.47,54.4,54.4037,132294
618,54.4756,54.5,54.4,54.43,234296
619,54.5,54.52,54.45,54.47,173055
620,54.5,54.54,54.475,54.495,144217
621,54.5043,54.54,54.48,54.51,241453
622,54.51,54.51,54.48,54.509,287390
623,54.42,54.52,54.42,54.51,170494
624,54.46,54.46,54.38,54.42,251405
625,54.46,54.48,54.41,54.455,152348
626,54.4404,54.46,54.411,54.45,196213
627,54.49,54.5,54.4,54.45,229475
628,54.51,54.54,54.47,54.486,204575
629,54.4943,54.52,54.485,54.5113,213479
630,54.46,54.52,54.42,54.495,189003
631,54.38,54.46,54.38,54.45,239349
632,54.36,54.42,54.35,54.3866,209641
633,54.3143,54.42,54.31,54.365,329039
634,54.295,54.35,54.29,54.32,224618
635,54.32,54.36,54.28,54.3,247290
636,54.2999,54.34,54.27,54.3235,287099
637,54.2137,54.32,54.2,54.29,235870
638,54.145,54.22,54.13,54.21,341656
639,54.17,54.21,54.12,54.14,212796
640,54.18,54.18,54.12,54.1747,130155
641,54.1449,54.2,54.12,54.175,243692
642,54.06,54.15,54.01,54.14,451812
643,54,54.1,53.96,54.06,330947
644,53.995,54.01,53.93,53.9905,324013
645,53.8949,53.9999,53.87,53.995,361376
646,53.96,53.98,53.895,53.9,433260
647,54.06,54.085,53.97,53.97,280181
648,54.13,54.16,54.02,54.0535,316263
649,54.05,54.18,54.05,54.135,406659
650,54.04,54.06,53.99,54.05,334322
651,54.05,54.09,54.03,54.034,236972
652,54.045,54.0914,54.005,54.055,390399
653,54.0501,54.08,54.04,54.05,329579
654,53.94,54.074,53.92,54.05,2405833
864,54.28,54.3,54.25,54.25,2594047
865,53.95,54.27,53.91,54.26,788725
866,53.975,54,53.9,53.96,629868
867,53.8,54.005,53.79,53.98,837276
868,53.835,53.9,53.785,53.7949,371008
869,53.69,53.87,53.58,53.84,815145
870,53.76,53.78,53.64,53.69,690158
871,53.85,53.92,53.755,53.76,513642
872,53.78,53.87,53.75,53.845,399124
873,53.745,53.8,53.74,53.79,501411
874,53.655,53.76,53.65,53.7499,395550
875,53.49,53.66,53.47,53.6569,455616
876,53.4,53.52,53.4,53.49,461558
877,53.315,53.42,53.31,53.4048,433075
878,53.355,53.36,53.265,53.315,524275
879,53.315,53.39,53.31,53.356,383089
880,53.38,53.38,53.29,53.315,458640
881,53.46,53.47,53.37,53.375,355083
882,53.36,53.49,53.36,53.46,287220
883,53.37,53.42,53.34,53.36,280511
884,53.41,53.448,53.34,53.3768,264610
885,53.55,53.55,53.41,53.415,236443
886,53.6399,53.64,53.54,53.545,509058
887,53.6865,53.7,53.62,53.64,282111
888,53.66,53.755,53.66,53.685,521017
889,53.595,53.68,53.595,53.66,223187
890,53.6249,53.71,53.58,53.59,266363
891,53.58,53.63,53.58,53.6299,176651
892,53.575,53.63,53.57,53.59,118966
893,53.5,53.579,53.5,53.579,182447
894,53.505,53.55,53.49,53.5,259309
895,53.499,53.54,53.47,53.51,178435
896,53.61,53.61,53.48,53.49,240030
897,53.56,53.6099,53.52,53.6,198741
898,53.62,53.64,53.55,53.56,375274
899,53.6255,53.635,53.6,53.6263,486385
900,53.7379,53.76,53.62,53.63,343399
901,53.697,53.76,53.67,53.735,265092
902,53.625,53.71,53.625,53.6938,134530
903,53.725,53.73,53.62,53.63,220136
904,53.69,53.76,53.67,53.725,195001
905,53.71,53.74,53.69,53.7,200535
906,53.78,53.81,53.7,53.71,395650
907,53.68,53.8064,53.68,53.79,265375
908,53.7599,53.815,53.69,53.69,264251
909,53.7862,53.79,53.73,53.7565,170192
910,53.83,53.87,53.785,53.785,253455
911,53.9,53.91,53.835,53.84,218111
912,53.903,53.95,53.89,53.9,320731
913,53.93,53.93,53.88,53.9042,350499
914,53.885,53.925,53.86,53.9245,348088
915,53.91,53.95,53.88,53.89,218210
916,53.95,53.98,53.91,53.91,204788
917,54.03,54.05,53.94,53.9438,532250
918,54.078,54.1,54.0001,54.0338,449168
919,54.1,54.1,54.04,54.0742,221931
920,54.18,54.18,54.07,54.09,264879
921,54.13,54.19,54.11,54.18,413200
922,54.11,54.18,54.08,54.13,268142
923,54.055,54.12,54.05,54.105,168255
924,54.065,54.11,54.04,54.05,217657
925,54.12,54.12,54.02,54.06,211939
926,54.2,54.25,54.11,54.1199,534358
927,54.145,54.24,54.135,54.19,278899
928,54.12,54.17,54.11,54.14,264431
929,54.14,54.16,54.11,54.12,164804
930,54.03,54.14,54.02,54.14,436930
931,54.07,54.1,54.025,54.03,262758
932,54.085,54.13,54.02,54.075,277221
933,54.124,54.14,54.07,54.0802,181190
934,54.041,54.129,54.03,54.129,215171
935,54.06,54.07,54.01,54.04,333488
936,54.1,54.12,54.01,54.06,264495
937,54.07,54.12,54.01,54.105,336359
938,54.03,54.08,54.005,54.07,404388
939,54.11,54.16,54.0213,54.025,524919
940,54.17,54.2,54.11,54.11,581255
941,54.14,54.2,54.11,54.165,725416
942,54.19,54.19,54.08,54.15,3105556
a1448289300,54.44,54.45,54.425,54.429,14420
2,54.1165,54.2,54.085,54.2,78454
4,54.0925,54.15,54.06,54.07,156840
5,54.08,54.17,54.07,54.1,306227
6,54.12,54.2,54.09,54.09,179282
7,54.3199,54.325,54.18,54.185,25916
8,54.3,54.34,54.24,54.28,205689
9,54.39,54.42,54.28,54.3,363335
10,54.325,54.46,54.295,54.405,307502
11,54.3,54.35,54.23,54.335,185213
12,54.3289,54.33,54.255,54.29,187696
13,54.35,54.39,54.3025,54.325,140508
14,54.33,54.38,54.29,54.355,41700
15,54.31,54.365,54.31,54.345,96830
16,54.26,54.31,54.245,54.29,190609
17,54.29,54.31,54.26,54.26,225650
18,54.2665,54.305,54.24,54.295,301923
19,54.29,54.29,54.22,54.26,333918
20,54.245,54.31,54.21,54.29,187494
21,54.25,54.28,54.2,54.24,184691
22,54.2,54.245,54.19,54.231,163395
23,54.175,54.22,54.14,54.2,281312
24,54.17,54.21,54.145,54.175,290801
25,54.1,54.2,54.095,54.17,306995
26,54.1,54.155,54.09,54.105,167114
27,54.12,54.15,54.09,54.1099,185202
28,54.15,54.15,54.08,54.11,138141
29,54.12,54.15,54.11,54.145,215341
30,54.12,54.16,54.08,54.12,254748
31,54.1031,54.175,54.1,54.1237,193841
32,54.16,54.17,54.1,54.105,106281
33,54.09,54.1699,54.08,54.16,161360
34,54.0755,54.11,54.05,54.0999,407422
35,54.085,54.11,54.07,54.075,149887
36,54.03,54.09,54,54.09,295831
37,54.03,54.07,54,54.025,153996
38,54.023,54.06,54,54.03,190159
39,54.07,54.095,54.02,54.02,170644
40,54.14,54.14,54.08,54.08,212873
41,54.12,54.17,54.1,54.14,200826
42,54.16,54.17,54.11,54.125,203067
43,54.1851,54.195,54.14,54.16,302368
44,54.15,54.23,54.14,54.19,329636
45,54.15,54.16,54.12,54.145,122847
46,54.14,54.22,54.12,54.1563,238147
47,54.141,54.16,54.11,54.1363,265173
48,54.145,54.16,54.11,54.145,170490
49,54.175,54.2,54.1449,54.1449,145463
50,54.18,54.195,54.13,54.177,233829
51,54.09,54.21,54.075,54.185,230603
52,54.136,54.15,54.095,54.1,319687
53,54.1,54.17,54.1,54.13,249150
54,54.0053,54.12,54,54.1,328930
55,53.96,54.06,53.94,54.01,400322
56,53.96,54.01,53.89,53.965,419949
57,53.88,54,53.875,53.96,256375
58,53.81,53.9,53.78,53.885,329185
59,53.84,53.86,53.78,53.82,381833
60,53.793,53.85,53.78,53.84,235543
61,53.78,53.85,53.75,53.7928,314797
62,53.825,53.83,53.7838,53.79,269238
63,53.8436,53.86,53.8,53.825,236484
64,53.84,53.9001,53.83,53.845,315227
65,53.875,53.91,53.84,53.844,204292
66,53.921,53.93,53.875,53.88,260887
67,53.95,53.96,53.87,53.92,281697
68,53.99,53.99,53.9472,53.95,240488
69,54.01,54.01,53.94,53.9801,248345
70,54.0165,54.04,53.96,54,273823
71,54.01,54.02,53.97,54.0126,370662
72,54,54.05,53.98,54.02,299833
73,54.025,54.03,53.97,53.99,326737
74,54.05,54.11,54.01,54.025,507242
75,54.12,54.12,54.05,54.05,523646
76,54.2,54.25,54.1,54.115,1107071
77,54.19,54.22,54.15,54.2,2827110
287,53.83,53.92,53.83,53.92,301478
288,54.1,54.1,53.83,53.92,647485
289,53.935,54.16,53.935,54.1,383150
290,54.015,54.05,53.945,53.945,300546
291,53.9,54.02,53.88,54.02,410280
292,54.04,54.04,53.89,53.9015,312476
293,54.02,54.07,53.93,54.03,303651
294,54,54.04,53.9661,54.02,356224
295,53.97,54.005,53.94,54,318908
296,53.95,54.005,53.915,53.97,293073
297,53.9,53.97,53.84,53.9549,435980
298,53.905,53.94,53.8737,53.9,262662
299,53.89,53.97,53.89,53.91,169992
300,53.67,53.89,53.63,53.89,360282
301,53.7125,53.725,53.605,53.67,388251
302,53.68,53.755,53.68,53.715,265270
303,53.59,53.73,53.58,53.69,311571
304,53.71,53.73,53.58,53.595,277638
305,53.81,53.825,53.71,53.71,256788
306,53.76,53.81,53.67,53.81,173863
307,53.83,53.87,53.74,53.75,248667
308,53.89,53.92,53.83,53.83,306926
309,53.9301,53.97,53.865,53.89,240909
310,54,54.03,53.92,53.9374,204495
311,54.08,54.12,54.005,54.01,401103
312,54.14,54.18,54.06,54.08,370593
313,54.11,54.186,54.11,54.1487,250331
314,54.145,54.15,54.06,54.11,155417
315,54.1,54.16,54.09,54.15,244165
316,54.13,54.25,54.099,54.1,276411
317,54.085,54.2,54.0751,54.14,343238
318,54.2,54.2064,54.08,54.09,291997
319,54.08,54.2399,54.08,54.2,131856
320,54.154,54.18,54.08,54.09,146407
321,54.07,54.1511,54.05,54.15,211858
322,54.03,54.07,54.02,54.06,302183
323,54.08,54.085,53.99,54.03,217180
324,54.09,54.12,54.06,54.08,132060
325,54.12,54.13,54.08,54.095,107088
326,54.09,54.12,54.08,54.12,75104
327,54.075,54.1,54.04,54.0901,85666
328,54.085,54.14,54.05,54.085,128747
329,54.04,54.1,54.025,54.09,148807
330,54.05,54.07,54.025,54.04,516445
331,54.15,54.15,54.05,54.05,174750
332,54.1401,54.2,54.12,54.15,136994
333,54.07,54.1556,54.06,54.15,130145
334,54.125,54.17,54.07,54.075,172948
335,54.19,54.21,54.12,54.12,209191
336,54.21,54.24,54.19,54.19,143126
337,54.15,54.22,54.15,54.21,154166
338,54.2,54.2,54.15,54.16,122879
339,54.2,54.21,54.15,54.1901,245944
340,54.23,54.25,54.19,54.195,186003
341,54.18,54.25,54.17,54.22,237281
342,54.23,54.245,54.18,54.185,251801
343,54.37,54.44,54.237,54.237,417524
344,54.2101,54.375,54.2,54.37,298109
345,54.2001,54.25,54.16,54.21,279011
346,54.2047,54.25,54.19,54.21,282798
347,54.15,54.2451,54.11,54.21,323329
348,54.17,54.19,54.1,54.14,170506
349,54.145,54.18,54.12,54.165,182343
350,54.125,54.17,54.11,54.15,141569
351,54.21,54.24,54.12,54.1253,146836
352,54.27,54.28,54.21,54.21,143974
353,54.29,54.31,54.26,54.27,128793
354,54.26,54.3,54.23,54.29,184406
355,54.35,54.37,54.26,54.26,241364
356,54.37,54.43,54.34,54.345,348109
357,54.37,54.425,54.34,54.3649,339428
358,54.315,54.39,54.29,54.36,244065
359,54.275,54.34,54.275,54.32,180950
360,54.35,54.355,54.25,54.275,323590
361,54.225,54.34,54.18,54.34,274518
362,54.3,54.32,54.22,54.23,287848
363,54.18,54.295,54.16,54.29,457898
364,54.17,54.23,54.15,54.19,429193
365,54.25,54.28,54.15,54.17,2376783
575,54.09,54.1,54.05,54.09,283313
576,54.094,54.23,54.03,54.08,595430
577,54.15,54.18,54.07,54.0901,370748
578,54.11,54.17,54.09,54.155,288833
579,54.09,54.12,54.04,54.12,567983
580,53.9799,54.1,53.97,54.095,1056096
581,53.99,54.04,53.94,53.975,380977
582,53.885,53.995,53.88,53.9809,255077
583,53.925,53.925,53.83,53.89,305985
584,53.93,53.99,53.91,53.93,225652
585,53.92,53.97,53.91,53.925,153821
586,53.91,53.99,53.88,53.92,298482
587,53.92,53.96,53.89,53.9153,154490
588,54.005,54.01,53.92,53.9228,203339
589,53.985,54.01,53.96,54.006,220575
590,53.98,54.0098,53.97,53.99,283699
591,53.99,54.03,53.97,53.99,186227
592,54.005,54.01,53.96,54,161472
593,54.005,54.01,53.98,54.01,149511
594,53.945,54.01,53.92,54.005,163529
595,53.9901,54,53.93,53.9469,153430
596,53.985,54.01,53.955,53.99,218621
597,53.96,54.01,53.94,53.985,117488
598,53.98,53.99,53.95,53.96,141291
599,53.9501,53.99,53.95,53.9855,192553
600,53.98,53.985,53.95,53.955,157115
601,53.965,53.99,53.96,53.98,117043
602,53.965,53.98,53.95,53.965,155842
603,53.9761,53.98,53.955,53.96,258808
604,54.015,54.03,53.97,53.974,173550
605,54.0499,54.08,54.015,54.02,145423
606,54.07,54.07,54.025,54.05,119798
607,54.1476,54.15,54.0638,54.065,148611
608,54.065,54.1401,54.06,54.14,187479
609,54.0674,54.09,54.04,54.069,202598
610,54.07,54.1,54.03,54.0634,254083
611,54.08,54.1,54.02,54.0662,242417
612,54.131,54.14,54.075,54.08,253128
613,54.1,54.15,54.095,54.131,214324
614,54.11,54.12,54.095,54.1,59159
615,54.08,54.12,54.08,54.115,141147
616,54.09,54.09,54.06,54.085,134269
617,54.05,54.13,54.05,54.085,155290
618,54.045,54.06,54.03,54.0572,66243
619,54.0601,54.08,54.03,54.0499,122321
620,54.027,54.09,54.015,54.065,141570
621,54.045,54.07,54.025,54.025,75076
622,53.9801,54.06,53.97,54.05,207199
623,54.01,54.02,53.981,53.981,96925
624,54,54.03,54,54.0172,92076
625,53.99,54.01,53.99,54,72091
626,54,54.02,53.965,53.99,98400
627,54.0001,54.02,53.97,53.99,77905
628,53.98,54.03,53.98,54.01,129004
629,53.97,54.0075,53.96,53.975,110462
630,53.985,54,53.96,53.96,115359
631,53.935,53.98,53.905,53.98,155235
632,53.93,53.95,53.91,53.9398,95951
633,53.95,53.955,53.9,53.922,176280
634,53.94,53.98,53.925,53.9598,123910
635,54,54,53.93,53.9362,112496
636,53.96,53.996,53.93,53.99,106259
637,53.965,53.97,53.93,53.96,151991
638,53.94,53.97,53.93,53.9672,105424
639,53.96,53.965,53.9,53.935,300137
640,53.9401,53.98,53.93,53.965,131051
641,53.945,53.95,53.91,53.945,539431
642,53.955,53.965,53.93,53.95,83365
643,53.9799,53.99,53.95,53.96,146547
644,53.955,53.98,53.94,53.97,172544
645,53.95,53.975,53.94,53.95,174208
646,53.92,53.95,53.9101,53.95,137239
647,53.9262,53.94,53.88,53.925,235547
648,53.91,53.93,53.885,53.92,381343
649,53.86,53.94,53.86,53.91,204717
650,53.905,53.91,53.86,53.865,193438
651,53.8,53.91,53.79,53.9,474839
652,53.77,53.81,53.71,53.8,629101
653,53.69,53.825,53.69,53.76,2288041
a1448634600,53.925,53.94,53.79,53.8,386798
1,53.99,54.03,53.81,53.94,476879
2,54.0008,54.03,53.92,53.99,410057
3,54.01,54.07,53.93,54.005,315180
4,54.01,54.06,53.97,54,269783
5,53.97,54.02,53.95,54,171578
6,53.9299,53.98,53.85,53.95,179478
7,53.915,53.96,53.87,53.925,216282
8,53.895,53.93,53.86,53.92,149349
9,53.8695,53.9,53.85,53.8938,116838
10,53.88,53.91,53.855,53.87,121637
11,53.85,53.89,53.84,53.89,212246
12,53.86,53.89,53.84,53.845,183645
13,53.9,53.93,53.865,53.865,128399
14,53.86,53.93,53.85,53.9048,105434
15,53.895,53.915,53.845,53.865,117570
16,53.865,53.915,53.85,53.895,146858
17,53.89,53.915,53.86,53.865,133282
18,53.91,53.91,53.865,53.895,130080
19,53.92,53.95,53.89,53.91,121598
20,53.92,53.94,53.9,53.9199,87754
21,53.92,53.93,53.9,53.9199,85913
22,53.945,53.9501,53.91,53.92,170135
23,53.99,54.01,53.94,53.95,177251
24,54.03,54.07,53.9899,53.99,136428
25,54.04,54.08,54.03,54.03,140441
26,54.04,54.08,54.04,54.045,80664
27,53.9734,54.06,53.97,54.05,120436
28,53.97,53.99,53.95,53.97,85104
29,53.96,53.98,53.94,53.98,87187
30,53.915,53.96,53.91,53.95,98388
31,53.88,53.93,53.875,53.92,145749
32,53.8838,53.92,53.88,53.88,88361
33,53.9458,53.97,53.89,53.89,88306
34,53.985,54.01,53.93,53.945,96575
35,53.965,54.02,53.96,53.99,137070
36,54.015,54.03,53.97,53.97,105598
37,53.995,54.03,53.99,54.015,106279
38,53.96,54.01,53.95,53.995,133533
39,53.975,54,53.96,53.965,134616
40,53.96,54,53.95,53.975,212699
41,53.93,53.965,53.91,53.955,343037
42,53.93,53.97,53.92,53.93,1324055
864,54.5,54.57,54.46,54.54,534141
865,54.635,54.82,54.46,54.5,1375720
866,54.66,54.71,54.48,54.63,1039526
867,54.525,54.75,54.5,54.66,841921
868,54.46,54.61,54.42,54.5201,1197064
869,54.555,54.61,54.37,54.455,1001193
870,54.405,54.56,54.385,54.55,606568
871,54.24,54.42,54.2146,54.4,570123
872,54.295,54.34,54.24,54.25,469333
873,54.253,54.39,54.23,54.3,455078
874,54.13,54.28,54.09,54.245,689707
875,54.259,54.259,54.13,54.13,470889
876,54.2925,54.3,54.19,54.26,455217
877,54.405,54.45,54.29,54.2925,619943
878,54.465,54.48,54.4,54.405,549784
879,54.485,54.53,54.46,54.465,438064
880,54.516,54.54,54.46,54.47,437114
881,54.4099,54.52,54.395,54.515,348426
882,54.399,54.41,54.34,54.405,544358
883,54.41,54.47,54.37,54.4,487978
884,54.4489,54.47,54.38,54.41,348874
885,54.55,54.55,54.44,54.445,381992
886,54.56,54.61,54.53,54.55,491774
887,54.5551,54.61,54.55,54.565,265656
888,54.44,54.5551,54.44,54.5551,341003
889,54.33,54.441,54.32,54.44,475955
890,54.345,54.39,54.305,54.33,277564
891,54.28,54.345,54.265,54.3418,220401
892,54.145,54.28,54.14,54.27,349935
893,54.0707,54.175,54.02,54.145,380241
894,54.0999,54.1599,54.06,54.08,293668
895,54.05,54.1,53.9999,54.0901,287732
896,54.12,54.16,54.04,54.04,414189
897,54.085,54.13,54.05,54.12,170603
898,54.15,54.16,54.06,54.09,484655
899,54.11,54.17,54.09,54.15,610625
900,54.135,54.163,54.11,54.115,294655
901,54.1975,54.21,54.135,54.14,265480
902,54.24,54.275,54.19,54.2,235707
903,54.29,54.295,54.17,54.24,203905
904,54.2751,54.3,54.2297,54.29,291911
905,54.3025,54.32,54.26,54.27,169305
906,54.34,54.36,54.305,54.305,269579
907,54.33,54.35,54.29,54.345,304566
908,54.3,54.35,54.29,54.33,306704
909,54.235,54.31,54.23,54.31,199885
910,54.27,54.32,54.23,54.23,219388
911,54.305,54.31,54.25,54.27,248423
912,54.457,54.46,54.305,54.305,255772
913,54.46,54.465,54.41,54.45,261281
914,54.4535,54.53,54.44,54.46,316903
915,54.485,54.52,54.45,54.4501,248421
916,54.5801,54.62,54.48,54.49,283753
917,54.7019,54.79,54.58,54.58,1149090
918,54.88,54.96,54.7,54.7,1593532
919,54.84,54.93,54.83,54.88,731175
920,54.875,54.89,54.82,54.85,533147
921,54.8901,54.94,54.8431,54.875,540574
922,54.85,54.95,54.85,54.9,370917
923,54.8199,54.9,54.785,54.855,750007
924,54.77,54.835,54.76,54.811,457267
925,54.76,54.8,54.75,54.77,283236
926,54.79,54.8,54.75,54.76,246185
927,54.865,54.87,54.78,54.79,414427
928,54.73,54.87,54.7,54.87,370620
929,54.71,54.75,54.68,54.7251,381075
930,54.62,54.72,54.62,54.715,359124
931,54.67,54.67,54.58,54.62,384482
932,54.625,54.665,54.58,54.66,340907
933,54.57,54.64,54.57,54.63,242821
934,54.595,54.65,54.56,54.56,375724
935,54.55,54.59,54.54,54.585,400047
936,54.51,54.5583,54.44,54.55,592871
937,54.63,54.64,54.49,54.51,464921
938,54.645,54.7,54.62,54.6245,418518
939,54.6,54.675,54.59,54.64,531095
940,54.53,54.63,54.47,54.6,989588
941,54.46,54.565,54.41,54.53,2061050
942,54.35,54.48,54.35,54.465,11911131
a1448980200,54.37,54.41,54.36,54.41,557559
1,54.43,54.59,54.35,54.38,612905
2,54.455,54.5,54.3,54.42,605940
3,54.51,54.52,54.43,54.45,511551
4,54.485,54.51,54.4,54.5,435770
5,54.56,54.63,54.485,54.485,614165
6,54.585,54.65,54.55,54.56,918943
7,54.6099,54.65,54.48,54.58,548053
8,54.675,54.75,54.58,54.605,484295
9,54.66,54.71,54.63,54.67,325856
10,54.39,54.65,54.35,54.65,596083
11,54.51,54.53,54.38,54.385,428972
12,54.69,54.75,54.5,54.5,499745
13,54.72,54.73,54.6,54.69,378482
14,54.89,54.91,54.67,54.725,603761
15,54.83,54.93,54.81,54.895,421162
16,54.99,55,54.775,54.83,588109
17,55.0827,55.09,54.93,54.99,1442194
18,55.05,55.14,55.02,55.09,632553
19,54.925,55.06,54.86,55.05,589833
20,54.93,54.94,54.86,54.92,348852
21,54.88,55.04,54.85,54.93,849765
22,54.94,54.97,54.875,54.875,358548
23,55.075,55.1,54.94,54.94,458688
24,54.83,55.08,54.815,55.08,730000
25,54.8,54.88,54.78,54.84,438442
26,54.76,54.8,54.72,54.795,302815
27,54.765,54.8484,54.75,54.76,391750
28,54.8534,54.86,54.76,54.765,329699
29,54.8249,54.87,54.82,54.8539,154511
30,54.835,54.84,54.78,54.82,266418
31,54.84,54.89,54.83,54.84,263159
32,54.9,54.9,54.83,54.83,298075
33,54.8165,54.9,54.8,54.9,207629
34,54.75,54.84,54.75,54.81,328406
35,54.74,54.78,54.71,54.7565,293465
36,54.75,54.78,54.71,54.74,250195
37,54.78,54.78,54.71,54.74,253557
38,54.76,54.78,54.705,54.77,150563
39,54.8,54.81,54.74,54.75,190019
40,54.82,54.83,54.78,54.8,189823
41,54.875,54.8979,54.815,54.825,188821
42,54.81,54.89,54.81,54.875,197881
43,54.78,54.8192,54.75,54.81,291303
44,54.79,54.81,54.78,54.79,209375
45,54.78,54.7999,54.72,54.7951,250903
46,54.73,54.78,54.68,54.77,328423
47,54.705,54.74,54.665,54.74,243057
48,54.73,54.73,54.64,54.7078,271921
49,54.75,54.77,54.71,54.74,466638
50,54.76,54.77,54.73,54.7438,228009
51,54.79,54.805,54.74,54.7576,205432
52,54.77,54.79,54.74,54.79,293593
53,54.79,54.8,54.75,54.77,201548
54,54.76,54.8,54.76,54.8,152144
55,54.79,54.79,54.75,54.77,258847
56,54.82,54.82,54.77,54.78,202259
57,54.83,54.8799,54.81,54.8145,313977
58,54.8636,54.9162,54.784,54.827,425295
59,54.8699,54.91,54.7703,54.8601,353873
60,54.86,54.88,54.84,54.86,199270
61,54.86,54.9,54.84,54.87,268327
62,54.86,54.89,54.85,54.86,154548
63,54.866,54.87,54.84,54.865,196375
64,54.945,54.95,54.87,54.87,313389
65,54.95,54.98,54.91,54.95,421358
66,54.94,54.97,54.925,54.95,280563
67,54.92,54.94,54.875,54.94,390329
68,54.94,54.94,54.9,54.93,264894
69,54.94,54.9799,54.925,54.94,306220
70,54.9098,54.935,54.88,54.93,301132
71,54.96,54.96,54.88,54.9,368186
72,54.97,55.005,54.925,54.955,778570
73,54.98,55.01,54.95,54.975,497966
74,54.97,55,54.95,54.98,409491
75,55.07,55.09,54.975,54.975,588462
76,55.14,55.17,55.06,55.0744,984738
77,55.18,55.18,55.1,55.14,1078486
78,55.22,55.23,55.13,55.18,5173698
288,55.31,55.38,55.27,55.32,450684
289,55.53,55.67,55.25,55.31,1082287
290,55.585,55.585,55.38,55.55,792642
291,55.695,55.7,55.5,55.59,682134
292,55.74,55.79,55.6,55.68,746816
293,55.581,55.755,55.54,55.745,566767
294,55.7047,55.72,55.576,55.58,594933
295,55.69,55.73,55.64,55.705,439352
296,55.815,55.88,55.6969,55.7,827776
297,55.805,55.9,55.79,55.81,475219
298,55.88,55.88,55.755,55.805,469470
299,55.9562,55.9562,55.859,55.88,353236
300,55.82,55.96,55.82,55.95,472224
301,55.82,55.83,55.74,55.82,422566
302,55.76,55.87,55.75,55.82,524074
303,55.71,55.79,55.67,55.77,599426
304,55.615,55.72,55.6,55.7169,690100
305,55.71,55.73,55.61,55.615,423611
306,55.68,55.72,55.66,55.72,398270
307,55.595,55.68,55.58,55.68,751552
308,55.665,55.68,55.56,55.5965,425515
309,55.695,55.71,55.64,55.67,382144
310,55.6761,55.7015,55.64,55.6999,312440
311,55.73,55.78,55.66,55.67,459270
312,55.6951,55.7365,55.63,55.7362,449340
313,55.57,55.7,55.57,55.695,540532
314,55.6899,55.69,55.5631,55.5631,325816
315,55.68,55.71,55.63,55.69,337978
316,55.67,55.7,55.64,55.67,317673
317,55.685,55.71,55.65,55.66,331038
318,55.73,55.73,55.64,55.685,725705
319,55.835,55.86,55.68,55.725,381753
320,55.85,55.87,55.775,55.835,286344
321,55.815,55.8537,55.735,55.8537,253964
322,55.8,55.85,55.785,55.814,225760
323,55.83,55.84,55.75,55.79,300597
324,55.86,55.91,55.77,55.84,571243
325,55.785,55.88,55.75,55.86,332790
326,55.8099,55.81,55.73,55.78,257073
327,55.8025,55.87,55.75,55.8,264546
328,55.78,55.82,55.74,55.81,291347
329,55.75,55.78,55.7,55.78,437113
330,55.78,55.81,55.72,55.76,382559
331,55.74,55.81,55.725,55.79,227702
332,55.74,55.77,55.72,55.73,185543
333,55.83,55.83,55.73,55.735,245287
334,55.765,55.86,55.74,55.83,236088
335,55.7737,55.82,55.765,55.77,182478
336,55.8,55.83,55.75,55.7701,220950
337,55.74,55.8263,55.72,55.8,204654
338,55.65,55.75,55.65,55.7325,341311
339,55.57,55.651,55.56,55.65,459072
340,55.54,55.63,55.5,55.565,800160
341,55.41,55.596,55.4,55.55,573010
342,55.4445,55.51,55.39,55.41,407077
343,55.3045,55.45,55.28,55.45,436263
344,55.46,55.475,55.303,55.31,441229
345,55.41,55.495,55.375,55.47,300479
346,55.315,55.47,55.2732,55.415,658648
347,55.31,55.37,55.27,55.315,268978
348,55.41,55.485,55.3,55.3099,503085
349,55.4,55.41,55.305,55.4,421299
350,55.355,55.44,55.34,55.4,243339
351,55.29,55.36,55.27,55.35,283919
352,55.215,55.295,55.06,55.29,617811
353,55.2701,55.31,55.1836,55.23,309803
354,55.125,55.2801,55.1,55.28,438878
355,55.19,55.25,55.07,55.13,463993
356,55.231,55.27,55.18,55.194,311098
357,55.16,55.25,55.12,55.24,564472
358,55.29,55.31,55.125,55.16,766012
359,55.25,55.3,55.2,55.2975,447021
360,55.2,55.26,55.165,55.245,437908
361,55.2,55.265,55.17,55.2,514408
362,55.2,55.22,55.1,55.2,526855
363,55.205,55.3,55.19,55.195,511002
364,55.08,55.27,55.06,55.21,761986
365,55.21,55.215,55.0701,55.08,946592
366,55.21,55.3,55.12,55.2,8320448
576,55.55,55.55,55.44,55.49,343361
577,55.44,55.77,55.32,55.53,775745
578,55.245,55.44,55.22,55.44,396861
579,55.14,55.28,55.03,55.24,375586
580,55.075,55.1399,54.9925,55.135,419145
581,55.18,55.2,55.03,55.08,291518
582,55.18,55.21,55.1,55.18,274613
583,55.03,55.18,55.01,55.175,534524
584,55.01,55.1,54.99,55.03,424694
585,55.08,55.085,54.935,55.01,335492
586,55.03,55.13,55.02,55.08,268063
587,54.94,55.03,54.85,55.025,395866
588,54.93,54.97,54.88,54.93,282837
589,54.99,55,54.85,54.93,337883
590,54.88,55,54.88,54.999,283454
591,54.975,55,54.87,54.88,267987
592,55.1485,55.16,54.96,54.975,329658
593,55.11,55.225,55.1,55.15,249343
594,55.05,55.11,55.05,55.11,198861
595,55.09,55.1099,55,55.055,296895
596,55.145,55.16,55.07,55.0937,348493
597,55.2999,55.2999,55.13,55.145,478017
598,55.265,55.33,55.23,55.29,396971
599,55.17,55.29,55.17,55.27,270335
600,55.165,55.19,55.1,55.17,225902
601,55.01,55.17,55,55.17,245753
602,54.98,55.035,54.94,55.005,294756
603,54.82,54.99,54.81,54.98,296109
604,54.825,54.87,54.73,54.83,328823
605,54.83,54.86,54.8,54.82,186462
606,54.89,54.91,54.8,54.825,154955
607,54.7335,54.9199,54.71,54.88,324049
608,54.611,54.735,54.6,54.73,452220
609,54.6001,54.655,54.53,54.61,520469
610,54.58,54.65,54.55,54.6,303043
611,54.39,54.5751,54.38,54.5751,469416
612,54.37,54.43,54.25,54.395,561900
613,54.3968,54.41,54.31,54.37,452914
614,54.47,54.53,54.38,54.3918,238767
615,54.42,54.5,54.395,54.465,334426
616,54.425,54.46,54.39,54.42,262171
617,54.36,54.4699,54.31,54.43,295832
618,54.1937,54.37,54.19,54.36,511638
619,54.1,54.21,54.031,54.2,670117
620,54.18,54.2,54.095,54.1,376677
621,54.33,54.36,54.16,54.17,426399
622,54.375,54.4,54.32,54.33,266615
623,54.365,54.43,54.29,54.375,354273
624,54.4101,54.4275,54.32,54.3643,253273
625,54.39,54.43,54.345,54.415,384152
626,54.3,54.44,54.255,54.4,305939
627,54.36,54.36,54.28,54.3,220912
628,54.1199,54.36,54.1,54.36,403693
629,54.14,54.17,54.09,54.12,356282
630,54.08,54.16,54.05,54.1325,320583
631,54.08,54.14,54.036,54.09,390613
632,54.06,54.09,53.97,54.08,554846
633,54.12,54.16,54.03,54.06,384584
634,54.145,54.18,54.08,54.11,259494
635,54.08,54.21,54.03,54.145,428377
636,54.13,54.18,54.07,54.085,551360
637,54.09,54.14,54.02,54.13,408565
638,54.1663,54.21,54.05,54.0925,334126
639,54.155,54.17,54.07,54.16,442786
640,54.215,54.235,54.135,54.15,377750
641,54.275,54.28,54.2,54.21,352298
642,54.25,54.29,54.225,54.275,376060
643,54.205,54.25,54.14,54.25,400683
644,54.1,54.21,54.08,54.2001,471740
645,54.085,54.14,54.06,54.1,504758
646,54,54.1099,53.9862,54.09,559391
647,54.1,54.1,53.95,54,588515
648,54.01,54.105,53.98,54.1028,493155
649,54.03,54.05,53.93,54.01,492541
650,54.19,54.19,53.99,54.0201,510724
651,54.145,54.195,54.095,54.19,657207
652,54.225,54.25,54.1,54.145,795090
653,54.255,54.28,54.16,54.23,1020513
654,54.2,54.27,54.15,54.25,5145698
864,54.18,54.19,54.1,54.12,621523
865,54.35,54.515,54.11,54.12,659397
866,54.52,54.53,54.32,54.35,674930
867,54.76,54.76,54.5,54.52,634015
868,54.75,54.83,54.64,54.76,595583
869,54.99,55,54.73,54.745,598565
870,54.9299,55.02,54.855,54.995,735905
871,54.81,54.93,54.785,54.925,533973
872,54.76,54.815,54.725,54.81,417282
873,54.95,54.99,54.76,54.76,519821
874,55.09,55.1,54.93,54.955,535768
875,55.07,55.19,55.02,55.1,363830
876,55.04,55.13,55.02,55.06,280355
877,55.03,55.045,54.9435,55.04,297389
878,55.0032,55.06,54.975,55.03,501775
879,55.065,55.07,54.97,55.01,347323
880,55.1723,55.186,55.06,55.07,442455
881,55.09,55.22,55.08,55.18,325250
882,55.25,55.27,55.09,55.0972,387391
883,55.27,55.34,55.24,55.2451,384346
884,55.3,55.36,55.265,55.28,422127
885,55.23,55.33,55.2,55.3,305644
886,55.13,55.28,55.13,55.23,346124
887,55.26,55.265,55.1,55.13,287669
888,55.19,55.305,55.18,55.25,310036
889,55.28,55.29,55.175,55.19,249407
890,55.295,55.31,55.22,55.28,266102
891,55.18,55.3,55.15,55.29,290689
892,55.155,55.22,55.14,55.19,179398
893,55.26,55.28,55.155,55.1561,194874
894,55.3,55.33,55.22,55.255,214433
895,55.26,55.31,55.24,55.3,173624
896,55.3369,55.35,55.265,55.265,289631
897,55.38,55.41,55.33,55.33,278595
898,55.4,55.42,55.37,55.38,205616
899,55.421,55.44,55.37,55.41,251502
900,55.4465,55.48,55.42,55.43,268607
901,55.57,55.57,55.43,55.441,587139
902,55.57,55.62,55.5,55.57,609158
903,55.51,55.63,55.51,55.57,341600
904,55.5372,55.55,55.47,55.52,312764
905,55.52,55.63,55.49,55.54,268100
906,55.57,55.58,55.51,55.515,274681
907,55.6,55.645,55.55,55.57,335868
908,55.655,55.67,55.55,55.61,422086
909,55.61,55.7,55.57,55.65,399315
910,55.6,55.625,55.5,55.61,394021
911,55.58,55.625,55.55,55.5941,224183
912,55.59,55.61,55.53,55.59,341736
913,55.57,55.645,55.57,55.6,334224
914,55.63,55.64,55.56,55.57,260584
915,55.67,55.69,55.59,55.635,302416
916,55.72,55.74,55.62,55.67,397243
917,55.85,55.85,55.71,55.72,448242
918,55.83,55.87,55.78,55.85,344467
919,55.83,55.88,55.79,55.83,385574
920,55.805,55.88,55.8,55.84,243761
921,55.845,55.85,55.8,55.8,204702
922,55.8001,55.88,55.79,55.85,397310
923,55.8501,55.87,55.81,55.81,387621
924,55.95,55.97,55.85,55.85,659009
925,55.9701,56.05,55.91,55.95,797627
926,55.98,56,55.935,55.975,593273
927,55.97,56,55.94,55.98,654060
928,56.02,56.05,55.91,55.965,824015
929,56.1,56.11,56.01,56.03,656854
930,56.16,56.18,56.04,56.1,630237
931,56.1,56.19,56.06,56.17,630204
932,56.21,56.215,56.06,56.09,452757
933,56.0801,56.23,56.03,56.2031,772915
934,55.95,56.09,55.95,56.08,556402
935,55.881,55.98,55.87,55.94,685408
936,55.95,55.9699,55.86,55.88,538668
937,55.88,55.955,55.835,55.95,606527
938,55.81,55.895,55.81,55.8799,515795
939,55.96,56,55.79,55.8,745739
940,55.87,55.97,55.81,55.96,549496
941,55.845,55.91,55.83,55.86,679197
942,55.91,55.95,55.84,55.85,5602897
a1449498600,55.743,55.79,55.66,55.79,456271
1,55.4135,55.79,55.38,55.74,752401
2,55.53,55.58,55.365,55.42,304017
3,55.46,55.54,55.39,55.54,431390
4,55.43,55.58,55.42,55.455,367219
5,55.46,55.48,55.32,55.43,384323
6,55.51,55.57,55.42,55.455,336885
7,55.51,55.547,55.43,55.51,329256
8,55.53,55.54,55.5,55.5199,54316
9,55.51,55.56,55.51,55.53,188007
10,55.6,55.615,55.51,55.51,340325
